
strategic_region={
	id=10
	name="STRATEGICREGION_10"
	provinces={
		21 33 58 248 346 365 451 481 560 575 672 676 707 760 832 951 1098 1256 1367 1375 1470 1581 1624 1633 1658 1850 1970 1980 2214 2226 2330 2331 2343 2381 2392 2683 2699 2717 2741 2819 2820 2943 2946 3223 3333 3351 3636 3641 3666 3727 3830 3885 4021 4313 4375 4430 4641 4848 4877 4918 5036 5184 5193 5283 5288 5333 5360 5547 5557 5871 5939 5971 5999 6159 6176 6265 6318 6328 6361 6462 6478 6667 6684 6707 6846 6874 6977 7095 7258 7348 7678 7680 7790 7818 7831 7973 7975 8012 8019 8035 8298 8308 8483 8493 17150 17164 17218 17273 17275 17296 17320 17324 17328 17331 17349 17367 17379 17406 17424 17433 17434 17435 17447 17462 17463 17478 17484 17501 17513 17514 17555 17581 17602 17605 17606 17607 17621 17628 17632 17633 17642 17653 17679 17699 17700 17720 17736 17737 17742 17775 17786 17787 17788 17820 17834 17842 17843 17857 17872 17893 17936 17948 17956 17968 17969 18006 18011 18042 18054 18065 18098 18119 18127 18153 18164 18175 18185 18186 18240 18248 18251 18252 18286 18314 18315 18319 18341 18352 18375 18398 18404 18411 18427 18446 18451 18480 18508 18526 18533 18541 18542 
	}
	weather={
		period={
			between={ 0.0 30.0 }
			temperature={ -10.0 35.0 }
			no_phenomenon=1.500
			rain_light=0.250
			rain_heavy=0.100
			snow=0.000
			blizzard=0.000
			arctic_water=0.000
			mud=0.000
			sandstorm=0.000
			min_snow_level=0.000
		}
	}
}
