
strategic_region={
	id=104
	name="STRATEGICREGION_104"
	provinces={
		387 462 489 568 621 654 702 711 842 902 975 1016 1031 1075 1304 1329 1506 1511 1715 1854 1900 2035 2123 2399 2424 2575 2835 2995 3278 3515 3579 3606 3762 3909 3981 4114 4680 5038 5059 5183 5223 5238 5295 5299 5455 5623 5639 5645 5803 5849 5872 5874 6049 6051 6131 6353 6368 6379 6527 6853 6856 6957 6976 7039 7079 7360 7401 7481 7581 7683 7920 7949 8018 8048 8054 8086 8097 8200 8270 8314 8374 8471 8544 8549 15591 15619 15627 15631 15644 15657 15663 15677 15705 15735 15748 15755 15779 15780 15784 15799 15829 15832 15846 15858 15864 15892 15895 15900 15918 15941 15944 15945 15952 15958 15973 15977 15980 15981 15983 15993 15995 15996 16004 16026 16033 16039 16040 16043 16070 16193 16204 16225 16290 16291 16300 16333 16344 16371 16387 16388 16412 16415 16426 16441 16461 16462 16470 16488 16514 16520 16569 16578 16597 16613 16621 16635 16638 16656 16669 16680 16759 19148 19177 19223 19241 19252 
	}
	weather={
	}
}
