
strategic_region={
	id=105
	name="STRATEGICREGION_105"
	provinces={
		1 18 225 313 531 742 857 967 972 1181 1326 1539 1857 2389 2834 3232 3624 3644 4051 4388 4489 4650 4864 5065 5569 5721 6069 6564 7099 7298 7577 7745 7784 7872 8428 15244 15288 15305 15311 15345 15360 15368 15373 15380 15381 15400 15420 15428 15433 15442 15460 15480 15489 15490 15497 15506 15519 15525 15544 15566 15570 15590 15608 15612 15613 15640 15648 15672 15676 15694 15725 15729 15754 15769 15790 15810 15823 
	}
	weather={
		period={
			between={ 0.0 30.0 }
			temperature={ -10.0 35.0 }
			no_phenomenon=1.500
			rain_light=0.250
			rain_heavy=0.100
			snow=0.000
			blizzard=0.000
			arctic_water=0.000
			mud=0.000
			sandstorm=0.000
			min_snow_level=0.000
		}
	}
}
