
strategic_region={
	id=106
	name="STRATEGICREGION_106"
	provinces={
		310 558 683 931 1033 1104 1298 1458 1518 1720 1985 2499 2690 2724 2783 2845 2941 3021 3426 3947 4019 5243 5338 5488 5743 5880 6090 6105 6421 6459 6928 7416 7675 8254 15287 15318 15372 15399 15406 15419 15427 15432 15441 15447 15474 15475 15479 15487 15488 15493 15501 15513 15518 15524 15529 15530 15541 15548 15549 15557 15568 15569 15577 15580 15599 15600 15607 15655 15656 15667 15668 15671 15674 15693 15703 15704 15715 15753 19150 
	}
	weather={
	}
}
