
strategic_region={
	id=107
	name="STRATEGICREGION_107"
	provinces={
		260 317 358 1504 2328 2378 2577 2998 3216 3678 4415 4695 4820 5100 5160 5345 5478 5559 5568 5922 6477 7287 7288 7316 7926 8346 8399 15128 15152 15179 15201 15206 15215 15243 15248 15294 15295 15310 15342 15367 15371 15379 15398 15417 15418 15455 15470 15486 15511 15512 15517 15538 15555 15556 15565 15598 15606 15639 15654 15684 15692 15734 15761 15778 19114 
	}
	weather={
		period={
			between={ 0.0 30.0 }
			temperature={ -10.0 35.0 }
			no_phenomenon=1.500
			rain_light=0.250
			rain_heavy=0.100
			snow=0.000
			blizzard=0.000
			arctic_water=0.000
			mud=0.000
			sandstorm=0.000
			min_snow_level=0.000
		}
	}
}
