
strategic_region={
	id=110
	name="STRATEGICREGION_110"
	provinces={
		32 670 839 924 1017 1038 1159 1295 1930 2421 3194 3926 4028 4301 4597 4671 4766 5318 5381 5684 5796 6017 6692 7163 7218 7512 7605 7626 7814 8261 17960 17981 18002 18017 18027 18159 18225 18264 18270 18299 18309 18355 18356 18361 18362 18363 18383 18390 18395 18396 18402 18409 18416 18424 18438 18445 18450 18454 18455 18471 18472 18494 18501 18502 18505 18521 18532 18537 18538 18547 18555 19337 19338 26692 
	}
	weather={
		period={
			between={ 0.0 30.0 }
			temperature={ -10.0 35.0 }
			no_phenomenon=1.500
			rain_light=0.250
			rain_heavy=0.100
			snow=0.000
			blizzard=0.000
			arctic_water=0.000
			mud=0.000
			sandstorm=0.000
			min_snow_level=0.000
		}
	}
}
