
strategic_region={
	id=111
	name="STRATEGICREGION_111"
	provinces={
		343 368 603 900 1278 1345 1408 2147 2446 2564 2637 3314 3365 3412 3483 3992 4046 4608 4618 4930 5108 5725 5837 6146 6499 7007 7070 7879 7980 8051 8166 15328 15375 15376 15421 15435 15456 15457 15471 15476 15481 15507 15531 15539 15550 15573 15582 15583 15595 15602 15616 15637 15698 19126 19132 19137 19140 19143 19146 
	}
	weather={
		period={
			between={ 0.0 30.0 }
			temperature={ -10.0 35.0 }
			no_phenomenon=1.500
			rain_light=0.250
			rain_heavy=0.100
			snow=0.000
			blizzard=0.000
			arctic_water=0.000
			mud=0.000
			sandstorm=0.000
			min_snow_level=0.000
		}
	}
}
