
strategic_region={
	id=113
	name="STRATEGICREGION_113"
	provinces={
		454 459 546 1154 1156 1505 2339 2347 3309 4322 4679 4953 5144 5334 5702 5890 6018 6456 7367 7371 7524 7713 7715 8356 15535 15560 15572 15579 15596 15604 15620 15630 15633 15635 15641 15673 15685 15706 15718 15719 15722 15756 15763 15771 15806 15817 15818 15840 15871 15902 
	}
	weather={
		period={
			between={ 0.0 30.0 }
			temperature={ -10.0 35.0 }
			no_phenomenon=1.500
			rain_light=0.250
			rain_heavy=0.100
			snow=0.000
			blizzard=0.000
			arctic_water=0.000
			mud=0.000
			sandstorm=0.000
			min_snow_level=0.000
		}
	}
}
