
strategic_region={
	id=114
	name="STRATEGICREGION_114"
	provinces={
		8 229 240 441 488 503 507 609 703 748 837 879 884 1171 1213 1226 1245 1415 1523 1561 1659 1889 2061 2271 2411 2455 2481 2540 2544 2545 2587 2821 3007 3057 3189 3200 3207 3226 3468 3477 3613 3691 3748 3768 3801 3875 3884 3887 3913 4000 4070 4073 4161 4237 4277 4357 4416 4457 4550 4558 4600 4744 4791 4902 4925 4954 5004 5081 5189 5250 5258 5271 5341 5379 5436 5564 5614 5647 5658 5719 5744 5810 5967 6063 6207 6381 6528 6659 6725 6795 6835 6841 6879 7205 7233 7397 7461 7469 7509 7649 7669 7779 7971 7978 8033 8128 8142 8156 8203 8300 8391 12376 12395 12399 12413 12426 12432 12433 12446 12447 12457 12462 12484 12494 12503 12507 12517 12529 12533 12534 12541 12542 12546 12547 12570 12573 12597 12598 12604 12617 12623 12626 12645 12646 12655 12664 12670 12673 12674 12675 12693 12694 12699 12703 12708 12714 12731 12735 12741 12744 12762 12766 12770 12783 12788 12796 12816 12817 12837 12838 12856 12870 12884 12894 12895 12896 12906 12918 12927 12934 12941 12949 12952 12959 12960 12963 12986 12993 13000 13013 13020 13027 13029 13030 13042 13050 13052 13053 13067 13068 13072 13081 13088 13099 13100 13121 13127 13151 13180 13238 13251 13304 13364 13383 13394 13411 13445 13474 18899 18926 
	}
	weather={
	}
}
