
strategic_region={
	id=115
	name="STRATEGICREGION_115"
	provinces={
		41 65 174 231 280 356 564 737 810 831 919 936 982 1069 1128 1188 1246 1274 1343 1353 1508 1630 1685 1760 1895 2148 2600 2765 2816 2883 2949 2963 2965 3046 3172 3265 3320 3350 3425 3545 3577 3673 3820 3873 3984 4107 4166 4182 4211 4346 4398 4413 4421 4424 4630 4718 4733 4743 4811 5173 5174 5349 5548 5567 5732 5753 5809 5974 6055 6064 6087 6106 6110 6229 6720 6729 6758 6922 7146 7442 7597 7598 7609 7636 7646 7773 8151 8216 8567 11572 11591 11600 11613 11642 11669 11688 11695 11698 11735 11743 11774 11781 11786 11791 11805 11810 11817 11838 11843 11844 11856 11869 11870 11874 11875 11876 11885 11901 11904 11905 11906 11912 11920 11921 11932 11933 11940 11943 11949 11953 11967 11976 11977 11988 11999 12003 12024 12027 12031 12032 12046 12056 12075 12076 12096 12097 12106 12113 12128 12134 12141 12146 12157 12173 12174 12178 12182 12183 12186 12195 12196 12203 12212 12213 12220 12227 12228 12229 12232 12245 12251 12262 12263 12264 12271 12276 12289 12290 12300 12305 12310 12319 12320 12321 12329 12330 12345 12346 12350 12354 12362 12369 12400 18784 18819 18825 18844 18851 18858 18869 18870 18885 18887 18889 26651 
	}
	weather={
	}
}
