
strategic_region={
	id=116
	name="STRATEGICREGION_116"
	provinces={
		27 43 302 406 1216 1463 1466 1528 1941 2007 2237 2354 2379 2432 2785 2888 3037 3052 3347 3573 3879 4259 4263 4329 4386 4476 4551 4732 5020 5717 5927 6232 6259 6474 6530 6859 7100 7767 8085 8213 8557 12501 12519 12525 12526 12557 12565 12566 12571 12593 12611 12628 12638 12652 12666 12667 12683 12685 12705 12711 12725 12736 12748 12780 12791 12819 12826 12827 12832 12841 12842 12843 12854 12860 12874 12882 12883 12887 12899 12909 12922 12937 12946 12955 12982 13004 13034 13041 13045 13058 13105 18902 18907 18914 18919 18922 18929 18937 26653 
	}
	weather={
		period={
			between={ 0.0 30.0 }
			temperature={ -10.0 35.0 }
			no_phenomenon=1.500
			rain_light=0.250
			rain_heavy=0.100
			snow=0.000
			blizzard=0.000
			arctic_water=0.000
			mud=0.000
			sandstorm=0.000
			min_snow_level=0.000
		}
	}
}
