
strategic_region={
	id=117
	name="STRATEGICREGION_117"
	provinces={
		55 193 220 286 336 385 439 446 690 728 813 885 918 1110 1137 1147 1153 1360 1392 1779 1878 1993 2037 2047 2073 2198 2286 2414 2422 2743 2867 2914 2930 2954 3051 3119 3159 3388 3419 3467 3565 3603 3775 3791 3849 4033 4179 4305 4321 4482 4872 5022 5139 5214 5215 5255 5522 5546 5828 5854 5907 5948 5949 6077 6155 6203 6243 6371 6416 6497 6621 6751 6788 6946 6971 7003 7106 7159 7164 7345 7768 7820 7881 8112 8171 8177 8199 8331 8369 8509 9991 10030 10073 10078 10087 10121 10144 10151 10160 10188 10207 10220 10249 10250 10258 10259 10267 10291 10293 10294 10301 10311 10327 10345 10369 10378 10379 10380 10384 10394 10415 10416 10420 10430 10446 10458 10470 10492 10521 10528 10540 10571 10572 10573 10581 10599 10600 10612 10616 10617 10628 10629 10634 10653 10662 10695 10702 10709 10714 10715 10720 10725 10729 10738 10742 10743 10759 10760 10766 10775 10783 10784 10815 10816 10830 10831 10842 10851 10874 10883 10884 10896 10897 10922 10937 10938 10939 10952 10960 10984 10985 10986 10994 11001 11015 11029 11033 11040 11054 11055 11057 11060 11069 11080 11091 11150 11157 11172 11196 11217 11218 11238 11265 11304 11382 18704 18714 18718 18722 18756 18766 
	}
	weather={
		period={
			between={ 0.0 30.0 }
			temperature={ -10.0 35.0 }
			no_phenomenon=1.500
			rain_light=0.250
			rain_heavy=0.100
			snow=0.000
			blizzard=0.000
			arctic_water=0.000
			mud=0.000
			sandstorm=0.000
			min_snow_level=0.000
		}
	}
}
