
strategic_region={
	id=118
	name="STRATEGICREGION_118"
	provinces={
		131 354 391 563 567 691 721 738 796 962 1134 1222 1366 1501 1536 1728 1737 1771 1796 1814 1834 1924 2215 2250 2321 2516 2588 2674 3085 3259 3415 3502 3598 3840 3953 4092 4241 4264 4379 4563 4697 4841 4960 4978 5135 5191 5516 5519 5649 5678 5739 5752 5944 5972 5988 6137 6508 6525 6645 6658 6852 6917 7266 7489 7496 7531 7614 7724 7736 10721 10722 10761 10776 10817 10825 10838 10875 10889 10928 10945 10976 10977 11002 11003 11016 11030 11041 11110 11142 11158 11164 11180 11207 11219 11226 11234 11266 11307 11314 11352 11355 11367 11373 11387 11398 11405 11422 11434 11442 11444 11446 11447 11457 11468 11485 11486 11490 11491 11511 11533 11542 11554 11568 11606 11607 11636 11643 11667 11683 11711 11736 11765 11787 11800 11807 11839 11840 11852 11861 11881 11934 11969 11970 11978 11984 12020 12034 12083 12130 18726 18730 18733 18735 18739 18782 18797 
	}
	weather={
		period={
			between={ 0.0 30.0 }
			temperature={ -10.0 35.0 }
			no_phenomenon=1.500
			rain_light=0.250
			rain_heavy=0.100
			snow=0.000
			blizzard=0.000
			arctic_water=0.000
			mud=0.000
			sandstorm=0.000
			min_snow_level=0.000
		}
	}
}
