
strategic_region={
	id=119
	name="STRATEGICREGION_119"
	provinces={
		9 329 550 1409 1448 1683 1863 2006 2383 2824 2826 2964 3503 4325 5109 5287 5423 5741 6398 6730 6962 7139 7506 8143 8262 8411 15125 15131 15170 15174 15192 15193 15194 15199 15207 15218 15237 15259 15268 15279 15280 15286 15296 15300 15307 15320 15329 15336 15337 15343 15361 15362 15383 15388 15402 15412 15422 15448 15463 15502 15508 15523 15536 15553 19112 19119 19121 19130 
	}
	weather={
		period={
			between={ 0.0 30.0 }
			temperature={ -10.0 35.0 }
			no_phenomenon=1.500
			rain_light=0.250
			rain_heavy=0.100
			snow=0.000
			blizzard=0.000
			arctic_water=0.000
			mud=0.000
			sandstorm=0.000
			min_snow_level=0.000
		}
	}
}
