
strategic_region={
	id=12
	name="STRATEGICREGION_12"
	provinces={
		254 405 952 996 1106 1231 1350 1396 1670 1787 1896 1950 2071 2072 2154 2346 2453 2480 2613 3087 3397 3448 3489 3490 3513 3604 3732 3795 3861 4134 4171 4181 4184 4327 4486 4844 4987 5023 5129 5351 5410 5813 5861 6095 6231 6414 6489 6605 6640 6855 6981 7136 7276 7300 7561 7592 7755 7760 8039 8133 8283 8354 8528 8541 16188 16189 16205 16235 16246 16269 16276 16277 16285 16295 16296 16321 16327 16328 16329 16337 16347 16356 16357 16368 16381 16385 16395 16420 16429 16434 16451 16452 16459 16476 16480 16495 16496 16497 16505 16513 16516 16517 16522 16542 16543 16554 16555 16559 16563 16564 16581 16587 16594 16595 16605 16629 16630 16640 16641 16647 16648 16653 16654 16665 16673 16674 16677 16681 16682 16689 16696 16698 16712 16716 16733 16738 16762 16778 16786 16798 16802 16809 16815 16829 16837 16842 16846 16859 16876 16882 16898 16947 26682 
	}
	weather={
	}
}
