
strategic_region={
	id=120
	name="STRATEGICREGION_120"
	provinces={
		259 274 283 634 1041 1103 1199 1352 1482 1552 1586 1632 1634 1640 1688 1867 1958 1992 2116 2122 2170 2230 2235 2244 2251 2450 2465 2606 2735 2790 3092 3116 3208 3263 3326 3386 3438 3488 3543 3698 3718 3729 3811 3872 4086 4217 4298 4477 4487 4559 4649 4663 4692 4804 4889 4995 5009 5034 5117 5148 5198 5289 5314 5373 5377 5495 5588 5603 5644 5674 5853 5913 5917 6004 6127 6195 6222 6244 6276 6289 6335 6347 6352 6609 6805 6815 7094 7193 7220 7270 7275 7293 7430 7530 7629 7753 7796 7922 7990 8109 8110 8164 8234 8312 8423 8450 8458 8476 14539 14566 14578 14617 14618 14622 14649 14663 14666 14673 14674 14691 14702 14709 14710 14711 14733 14742 14753 14754 14755 14760 14765 14779 14782 14783 14791 14799 14807 14813 14814 14820 14828 14829 14837 14847 14851 14852 14855 14864 14865 14869 14870 14881 14885 14902 14903 14915 14922 14945 14946 14952 14965 14972 14975 14978 14979 14983 14984 15008 15009 15010 15016 15022 15030 15034 15035 15036 15040 15042 15043 15047 15050 15058 15059 15072 15077 15088 15095 15100 15106 15116 15137 15138 15147 15155 15156 15158 15162 15165 15171 15175 15181 15185 15186 15195 15196 15219 15223 15234 15241 15255 15269 15301 15313 15314 15321 15346 15347 15348 15363 15389 15390 15403 15407 15423 15444 15445 15449 15464 15477 15514 15540 15770 19091 19128 19129 19133 19134 19154 19156 
	}
	weather={
		period={
			between={ 0.0 30.0 }
			temperature={ -10.0 35.0 }
			no_phenomenon=1.500
			rain_light=0.250
			rain_heavy=0.100
			snow=1.000
			blizzard=0.140
			arctic_water=0.000
			mud=0.000
			sandstorm=0.000
			min_snow_level=0.000
		}
	}
}
