
strategic_region={
	id=121
	name="STRATEGICREGION_121"
	provinces={
		203 502 574 652 685 784 910 1238 1281 1380 1406 1664 1856 1906 2158 2179 2216 2377 2388 2631 2659 3066 3072 3312 3409 3458 3475 3476 3496 3713 3720 3800 3806 4093 4598 4729 4878 4972 5102 5114 5120 5136 5395 5396 5631 5722 5811 5973 6043 6211 6218 6228 6250 6380 6579 6838 7013 7033 7038 7114 7118 7225 7381 7425 7716 7808 8038 8046 8053 8057 8079 8087 8155 8190 8237 8292 8484 8537 13905 13938 13951 13957 13965 13971 13980 13995 14002 14006 14007 14008 14039 14049 14050 14051 14059 14068 14088 14089 14095 14114 14122 14134 14141 14145 14154 14159 14160 14180 14188 14189 14195 14236 14237 14278 14306 14332 14347 14354 14366 14386 14393 14394 14398 14404 14405 14415 14433 14447 14448 14449 14460 14480 14502 14521 14538 14546 14552 14594 14616 14638 14639 14696 
	}
	weather={
	}
}
