
strategic_region={
	id=122
	name="STRATEGICREGION_122"
	provinces={
		664 733 977 1064 1271 1284 1307 1417 1541 1676 1775 2184 2412 2666 3413 3695 4156 4347 4464 4562 4710 4854 4985 5097 5497 5591 5875 6537 6643 6716 6912 6975 6987 7019 7058 7249 7289 7299 7365 8119 8305 13181 13233 13282 13300 13313 13323 13352 13358 13365 13366 13376 13404 13405 13424 13455 13456 13467 13488 13495 13547 13559 13560 13615 13669 13695 13704 13705 13721 13742 13756 13786 13793 13799 13811 13818 13825 13844 13845 13851 13871 13878 13890 13896 13930 13946 13950 13964 13976 13979 14012 14038 14074 14094 14187 
	}
	weather={
	}
}
