
strategic_region={
	id=123
	name="STRATEGICREGION_123"
	provinces={
		23 532 684 897 935 1076 1155 1275 1427 1530 1669 1710 2096 2117 2277 2477 2533 2651 2701 3738 3900 3956 5196 5285 5427 5529 5595 5698 6182 6263 6387 6633 6687 7202 7439 7617 7631 7632 7754 7761 7867 7908 8219 15743 15787 15798 15804 15822 15828 15835 15844 15851 15857 15879 15890 15891 15931 15932 15951 15966 16007 16020 16048 16054 16055 16069 16088 16089 16091 16105 16110 16140 16152 16163 16171 16196 16206 16207 16208 16265 16288 16289 16320 16366 16399 16435 19164 19165 19201 26679 
	}
	weather={
	}
}
