
strategic_region={
	id=124
	name="STRATEGICREGION_124"
	provinces={
		135 553 689 709 816 917 987 1136 1471 1554 1871 2058 2134 2144 2357 2462 2535 2593 2728 3192 3331 3505 3576 3902 4020 4462 4468 4572 4637 4698 4717 4940 4971 5210 5276 5554 6225 6339 6450 6651 6820 6822 6876 7078 7212 7639 7719 7748 7789 7816 8025 8103 13569 13657 13678 13708 13733 13762 13763 13768 13787 13794 13801 13802 13812 13855 13857 13885 13908 13909 13931 13939 13952 13966 13981 14040 14060 14083 14096 14105 14115 14125 14135 14147 14155 14174 14201 14215 14217 14226 14238 14247 14252 14253 14275 14276 14302 14307 14309 14315 14348 14352 14361 14362 14387 14406 14412 14497 
	}
	weather={
		period={
			between={ 0.0 30.0 }
			temperature={ -10.0 35.0 }
			no_phenomenon=1.500
			rain_light=0.250
			rain_heavy=0.100
			snow=1.000
			blizzard=0.120
			arctic_water=0.000
			mud=0.000
			sandstorm=0.000
			min_snow_level=0.000
		}
	}
}
