
strategic_region={
	id=126
	name="STRATEGICREGION_126"
	provinces={
		213 226 384 421 453 926 1090 1170 1277 1410 1512 2114 2152 2157 2264 2305 2581 2646 2843 2973 3005 3273 3437 3521 4008 4116 4247 4475 4524 4538 4553 4884 4936 4999 5031 5206 5233 5284 5325 5411 5870 6119 6208 6309 6582 6715 7175 7242 7338 7572 7848 8101 8146 8162 8397 8455 8490 14140 14165 14206 14245 14264 14272 14273 14285 14325 14338 14420 14424 14457 14477 14496 14518 14519 14535 14553 14560 14606 14607 14627 14652 14662 14682 14695 14714 14730 14747 14759 14776 14789 14790 14811 14812 14819 14823 14835 14846 14857 14880 14890 14897 14901 14914 14920 14921 14928 14931 14938 14939 14951 14956 14964 14970 14971 14992 15004 15026 15071 15083 15092 15115 15136 15154 15161 15169 15182 15191 15198 15204 15222 15228 15230 15236 15258 15266 15267 15276 15306 15352 15353 15387 19006 19012 19020 19047 19048 19081 19095 23593 25948 26610 
	}
	weather={
	}
}
