
strategic_region={
	id=127
	name="STRATEGICREGION_127"
	provinces={
		743 944 1351 1442 2024 2203 3184 3240 3262 3295 3453 3989 4044 4152 4242 4566 4817 5217 5435 5681 5742 5859 6258 6823 7125 7472 7495 8434 8506 13109 13144 13149 13203 13277 13290 13311 13337 13347 13388 13391 13414 13441 13447 13480 13481 13482 13505 13525 13526 13540 13552 13577 13578 13584 13585 13589 13600 13604 13620 13629 13643 13652 13653 13666 13681 13686 13687 13714 13724 13727 18972 18973 18983 18986 26660 26662 
	}
	weather={
		period={
			between={ 0.0 30.0 }
			temperature={ -10.0 35.0 }
			no_phenomenon=1.500
			rain_light=0.250
			rain_heavy=0.100
			snow=0.000
			blizzard=0.000
			arctic_water=0.000
			mud=0.000
			sandstorm=0.000
			min_snow_level=0.000
		}
	}
}
