
strategic_region={
	id=128
	name="STRATEGICREGION_128"
	provinces={
		172 350 401 499 860 907 964 1143 1230 1233 1287 1579 1597 1681 1750 1790 1818 1842 1991 2092 2140 2150 2161 2355 2374 2396 2507 2557 2641 2691 2732 2786 2793 2797 2801 2861 2988 3277 3288 3391 3395 3445 3592 3614 3622 3899 4023 4088 4103 4746 4892 4996 5124 5142 5241 5248 5254 5343 5642 6305 6369 6485 6562 6708 6743 6777 6909 6993 7539 7573 7664 7791 7828 7864 7969 8001 8088 8226 8284 8301 8499 13071 13080 13087 13111 13120 13132 13142 13147 13150 13162 13163 13175 13196 13197 13223 13250 13275 13279 13303 13342 13343 13375 13393 13398 13401 13431 13432 13443 13444 13450 13460 13484 13487 13492 13493 13494 13500 13515 13516 13523 13529 13558 13568 13570 13591 13602 13608 13614 13624 13625 13631 13640 13648 13649 13682 13692 13699 13703 13712 13720 13753 13754 13755 13760 13775 13776 13785 13792 13798 13810 13816 13829 13830 13843 13850 13867 13904 13915 13919 13927 13937 13947 13948 13949 13963 13969 13978 14019 14020 14037 14053 14054 14073 14104 14120 14144 14166 14173 14207 14214 14286 18946 18962 18976 19002 26622 26664 26666 26667 26668 
	}
	weather={
	}
}
