
strategic_region={
	id=129
	name="STRATEGICREGION_129"
	provinces={
		34 64 66 235 347 434 458 477 668 1020 1023 1040 1080 1499 1578 1696 1773 1820 1935 1963 2110 2200 2228 2313 2435 2697 2710 2711 2773 2792 2869 2891 2907 2916 2962 2983 3031 3035 3049 3061 3063 3185 3211 3218 3352 3356 3433 3497 3509 3597 3760 3964 4310 4584 4824 4828 4993 5006 5369 5387 5535 5729 5847 5980 5987 6013 6036 6252 6260 6273 6279 6307 6400 6403 6455 6565 6662 6699 6778 6783 6844 7014 7119 7223 7359 7413 7433 7721 7800 7822 7833 7892 7947 7968 7983 8021 8062 8135 8169 8184 8355 8393 8418 8449 13173 13174 13222 13232 13294 13341 13351 13371 13382 13403 13422 13423 13430 13437 13466 13473 13499 13528 13537 13546 13555 13556 13557 13580 13583 13587 13607 13612 13613 13644 13655 13661 13676 13711 13719 13726 13729 13740 13741 13765 13767 13784 13791 13807 13808 13809 13815 13828 13837 13840 13841 13842 13849 13876 13877 13883 13893 13907 13924 13936 13942 13943 13962 13968 13984 13985 13999 14010 14011 14024 14025 14036 14058 14065 14066 14072 14078 14086 14092 14093 14103 14106 14133 14139 14143 14146 14151 14152 14153 14186 14205 14211 14212 14244 14263 14269 14270 14291 14314 14320 14358 14367 14402 14410 14430 14443 14446 14487 14511 14517 14534 14559 14614 14632 14660 14661 14723 18949 18955 18961 18980 18984 19003 19009 19014 19023 19024 19027 19029 19030 19031 19032 19040 
	}
	weather={
	}
}
