
strategic_region={
	id=130
	name="STRATEGICREGION_130"
	provinces={
		52 59 369 425 474 648 731 755 757 850 909 958 1012 1205 1236 1509 1556 1601 1832 1837 2070 2199 2512 2614 2680 2799 2928 3146 3406 3510 3743 3779 3793 3910 3939 4484 4495 4670 4702 4795 5099 5308 5320 5328 5384 5458 5491 5783 5817 5929 6020 6074 6282 6360 6411 6696 6840 6843 7036 7169 7578 7612 7740 8296 8438 8451 8546 13582 13621 13634 13673 13688 13715 13716 13750 13770 13782 13813 13832 13881 13929 13934 13954 13977 13986 13990 14015 14016 14034 14043 14044 14045 14062 14082 14099 14108 14110 14111 14129 14136 14161 14162 14170 14183 14184 14185 14203 14210 14220 14221 14222 14234 14242 14243 14256 14266 14267 14281 14282 14289 14298 14303 14316 14317 14323 14327 14328 14336 14337 14342 14350 14356 14360 14373 14379 14395 14400 14408 14409 14418 14445 14453 14466 14500 14515 14524 14550 14574 14588 14621 14625 14657 14694 18977 18982 18985 18992 18997 19008 19018 19019 19021 19022 26673 26674 
	}
	weather={
		period={
			between={ 0.0 30.0 }
			temperature={ -10.0 35.0 }
			no_phenomenon=1.500
			rain_light=0.250
			rain_heavy=0.100
			snow=0.000
			blizzard=0.000
			arctic_water=0.000
			mud=0.000
			sandstorm=0.000
			min_snow_level=0.000
		}
	}
}
