
strategic_region={
	id=131
	name="STRATEGICREGION_131"
	provinces={
		10 275 390 471 572 578 763 764 771 782 942 974 1018 1032 1121 1268 1290 1299 1451 1923 2015 2125 2131 2257 2315 2467 2675 2747 2827 2844 2864 2928 3025 3105 3300 3372 3459 3460 3555 3559 3588 3638 3656 3660 3740 3837 3869 3877 3968 4055 4065 4164 4221 4260 4332 4389 4678 4700 4773 4785 4840 4934 5039 5370 5496 5667 5914 6410 6436 6526 6598 6628 6668 6842 6843 6979 6990 7006 7127 7199 7203 7290 7330 7340 7357 7374 7404 7520 7586 7672 7691 7703 7866 8071 8172 8193 13911 14046 14091 14100 14137 14191 14204 14243 14257 14299 14311 14329 14346 14351 14391 14395 14396 14437 14439 14442 14467 14468 14479 14484 14485 14501 14516 14529 14533 14551 14558 14568 14569 14575 14576 14577 14580 14581 14589 14593 14612 14613 14626 14631 14636 14637 14645 14658 14659 14672 14677 14678 14685 14700 14707 14717 14720 14721 14722 14729 14741 14746 14752 14763 14772 14773 14795 14796 14801 14802 14831 14834 14842 14843 14845 14878 14879 14883 14891 14899 14912 14913 14926 14932 14949 14962 14990 18994 19043 19045 19049 19051 19058 19064 19066 26675 
	}
	weather={
		period={
			between={ 0.0 30.0 }
			temperature={ -10.0 35.0 }
			no_phenomenon=1.500
			rain_light=0.250
			rain_heavy=0.100
			snow=0.000
			blizzard=0.000
			arctic_water=0.000
			mud=0.000
			sandstorm=0.000
			min_snow_level=0.000
		}
	}
}
