
strategic_region={
	id=132
	name="STRATEGICREGION_132"
	provinces={
		22 667 1340 1493 1551 1833 1974 2464 2684 3257 3382 3903 3960 4079 4125 4195 4545 4738 5326 5665 5946 6092 6732 7227 7583 8281 8473 14877 14919 14948 14955 15033 15041 15051 15057 15061 15073 15080 15104 15113 15127 15129 15151 15167 15190 15210 15240 15252 15263 15274 15278 15284 15325 15333 15334 15335 15344 15356 15357 15358 15366 15378 15392 15393 15415 15426 15446 15450 15484 15808 19141 19147 19153 19155 26678 
	}
	weather={
		period={
			between={ 0.0 30.0 }
			temperature={ -10.0 35.0 }
			no_phenomenon=1.500
			rain_light=0.250
			rain_heavy=0.100
			snow=0.000
			blizzard=0.000
			arctic_water=0.000
			mud=0.000
			sandstorm=0.000
			min_snow_level=0.000
		}
	}
}
