
strategic_region={
	id=134
	name="STRATEGICREGION_134"
	provinces={
		19 49 81 139 582 625 631 806 1084 1308 1944 1966 2130 2231 2391 2487 3125 4094 4109 4621 5016 5805 5818 5979 6041 6240 6269 6383 6586 6869 7024 7107 7295 7620 7841 7870 7899 8074 8148 8194 8353 12129 12184 12209 12241 12246 12253 12283 12314 12381 12414 12448 12451 12476 12518 12535 12555 12575 12576 12579 12589 12599 12605 12618 12627 12631 12635 12648 12649 12656 12657 12724 12754 12763 12768 12772 12797 12825 12830 12834 12866 12867 18901 21236 25752 
	}
	weather={
	}
}
