
strategic_region={
	id=135
	name="STRATEGICREGION_135"
	provinces={
		130 224 444 844 1048 1163 2272 2737 2760 2800 2878 2989 3249 3552 3558 3600 3611 3824 3931 4082 4110 4353 4704 4873 5445 5483 5831 5933 5994 6062 6390 6514 6824 6857 7765 7896 7940 8009 8432 8444 12812 12813 12851 12852 12865 12871 12928 12942 12943 12953 12978 12979 12980 12983 13006 13008 13014 13021 13022 13031 13043 13054 13061 13073 13089 13092 13101 13106 13133 13156 13164 13176 13187 13234 13260 13331 13412 13468 18924 18930 18933 18935 18939 26659 26663 
	}
	weather={
	}
}
