
strategic_region={
	id=136
	name="STRATEGICREGION_136"
	provinces={
		214 636 1318 1418 1519 1588 1631 1701 1752 1812 3454 3508 3572 3582 3988 4175 4335 4447 4881 5013 5162 5632 6053 6186 6287 6569 6685 6693 7071 7154 7324 7705 8077 8136 13122 13128 13136 13157 13210 13214 13228 13252 13268 13269 13270 13276 13284 13305 13314 13317 13344 13359 13406 13417 13438 13439 13469 13501 13508 13517 13561 13562 13581 13616 13626 13627 13636 13641 13693 13694 18953 18964 18967 18969 26657 26658 26661 
	}
	weather={
		period={
			between={ 0.0 30.0 }
			temperature={ -10.0 35.0 }
			no_phenomenon=1.500
			rain_light=0.250
			rain_heavy=0.100
			snow=0.000
			blizzard=0.000
			arctic_water=0.000
			mud=0.000
			sandstorm=0.000
			min_snow_level=0.000
		}
	}
}
