
strategic_region={
	id=137
	name="STRATEGICREGION_137"
	provinces={
		108 466 589 655 719 749 997 1034 1111 1162 1335 1678 1725 1922 2095 2852 2923 3292 3847 3959 4005 4337 4373 4515 4701 4758 5211 5428 5787 6242 6484 6491 6545 6741 7021 7303 7314 7389 7459 7615 8003 8041 8276 8394 8482 8536 12401 12434 12438 12443 12463 12468 12485 12497 12508 12511 12523 12574 12630 12665 12676 12677 12709 12718 12722 12723 12732 12745 12753 12767 12771 12776 12804 12809 12818 12829 12853 12857 12891 12911 12919 12920 12935 12936 12968 12970 12971 12973 12981 12984 12994 12995 13009 13015 13035 13062 13084 13102 13114 13123 18890 18920 26655 
	}
	weather={
	}
}
