
strategic_region={
	id=138
	name="STRATEGICREGION_138"
	provinces={
		330 611 649 665 852 1030 1113 1289 1478 1613 1768 1940 2080 2279 2337 2906 2977 3219 3307 3980 4677 4731 4980 5532 5566 5578 5666 5675 5820 6254 6321 6426 6509 6570 6825 6920 7343 7673 8383 13112 13152 13198 13200 13215 13224 13255 13271 13283 13306 13315 13328 13345 13353 13367 13377 13407 13413 13418 13425 13470 13471 13475 13476 13489 13502 13518 13530 13538 13571 13572 13592 13603 13650 13656 13677 13706 13707 13713 13761 13777 13800 13819 13820 13854 13861 13868 13884 13897 13920 13970 
	}
	weather={
	}
}
