
strategic_region={
	id=139
	name="STRATEGICREGION_139"
	provinces={
		234 429 483 514 627 888 1494 1810 1813 1880 1925 2401 2485 2565 2731 2854 3058 3114 3256 3310 3345 3578 3969 4048 4625 4696 4735 5323 5438 5489 5703 5830 6023 6358 6704 6907 7517 7810 8129 12839 12873 12879 12897 12902 12907 12908 12929 12944 12950 12964 13023 13026 13036 13055 13069 13070 13074 13082 13107 13115 13124 13137 13148 13153 13165 13166 13182 13225 13229 13280 13281 13316 13318 13329 13354 13378 19663 
	}
	weather={
		period={
			between={ 0.0 30.0 }
			temperature={ -10.0 35.0 }
			no_phenomenon=1.500
			rain_light=0.250
			rain_heavy=0.100
			snow=0.000
			blizzard=0.000
			arctic_water=0.000
			mud=0.000
			sandstorm=0.000
			min_snow_level=0.000
		}
	}
}
