
strategic_region={
	id=14
	name="STRATEGICREGION_14"
	provinces={
		99 182 484 526 701 1118 1175 1316 1666 1849 1934 2404 2488 2853 4047 4228 4356 4490 4580 5525 5715 5790 5800 5908 6184 6268 6370 6513 6759 6781 6890 7132 7274 7859 8037 8307 8532 16812 16833 16834 16850 16851 16858 16861 16862 16863 16873 16885 16928 16960 16964 16968 16991 17008 17013 17035 17049 17053 17054 17080 17085 17098 17115 17121 17163 17187 17206 17217 17234 17250 17261 17279 17295 17308 17319 17333 17334 17347 17348 17362 17392 17405 17423 17439 17446 17453 17454 17477 17483 17492 17500 17531 17541 17542 17544 17587 17588 17684 19249 19251 19256 19267 19268 19291 19293 19302 19311 19313 
	}
	weather={
		period={
			between={ 0.0 30.0 }
			temperature={ -10.0 35.0 }
			no_phenomenon=1.500
			rain_light=0.250
			rain_heavy=0.100
			snow=0.000
			blizzard=0.000
			arctic_water=0.000
			mud=0.000
			sandstorm=0.000
			min_snow_level=0.000
		}
	}
}
