
strategic_region={
	id=140
	name="STRATEGICREGION_140"
	provinces={
		536 1884 2862 4150 4527 5249 5348 5354 5992 6492 7129 8182 8205 8516 15885 15896 15901 15978 15997 16034 16044 16071 16075 16076 16083 16092 16120 16144 16164 16172 16173 16197 16209 16213 16238 16268 16274 16281 16310 16316 16317 16324 16367 16389 19152 19166 19173 19184 19197 19205 19213 19214 19215 19216 19226 19437 20025 20407 20519 20856 20864 21193 21215 21242 21533 21732 21816 21931 22013 22164 22260 22274 22373 22398 22493 22524 22532 22862 22866 22957 23070 23247 23303 23356 23420 23596 23614 23744 23758 23804 24058 24129 24222 24305 24550 24623 24707 24715 24964 25029 26123 26124 26138 26178 26197 26207 26217 26222 26234 26240 26243 26248 26267 26282 26283 26290 26308 26309 26314 26335 
	}
	naval_terrain=water_fjords
	weather={
	}
}
