
strategic_region={
	id=143
	name="STRATEGICREGION_143"
	provinces={
		1971 2937 4253 4518 5260 5607 6792 6954 8134 17359 17428 17496 17647 17672 19254 19263 19269 19285 19288 19320 20144 20304 20458 20996 21019 21432 21556 21608 21759 21936 22250 22313 22615 23244 23277 23489 23661 23823 23840 23850 23868 23894 23946 24143 24201 24247 24290 24605 24619 24702 24749 24796 24834 24966 26333 26337 26355 26358 26376 26386 26408 26421 26428 26439 26444 26451 26463 26464 26465 26486 26487 26496 
	}
	naval_terrain=water_deep_ocean
	weather={
	}
}
