
strategic_region={
	id=144
	name="STRATEGICREGION_144"
	provinces={
		25 113 215 255 272 512 524 661 696 821 899 978 995 1095 1127 1194 1328 1607 1627 1641 1951 2040 2489 2609 2664 2776 3015 3163 3359 3575 3677 3715 3798 3821 3904 3930 4015 4130 4315 4528 4573 4903 4905 5015 5266 5500 5558 5779 6029 6115 6249 6306 6329 6893 7056 7133 7201 7379 7447 7608 7696 7707 7856 7997 8315 14523 14573 14587 14598 14600 14611 14630 14635 14643 14651 14665 14671 14681 14684 14687 14699 14703 14712 14713 14725 14726 14727 14734 14740 14743 14745 14758 14762 14768 14769 14770 14771 14775 14778 14785 14794 14804 14805 14810 14818 14822 14832 14833 14839 14840 14841 14859 14860 14861 14867 14876 14894 14906 14907 14925 14929 14930 14935 14936 14943 14947 14954 14961 14969 14973 14977 14980 14998 14999 15001 15002 15007 15013 15014 15032 15044 15053 15056 15089 15108 15112 15150 15189 15200 15231 15242 15251 15273 19026 19028 19082 19087 19088 19115 26676 
	}
	weather={
		period={
			between={ 0.0 30.0 }
			temperature={ -10.0 35.0 }
			no_phenomenon=1.500
			rain_light=0.250
			rain_heavy=0.100
			snow=0.000
			blizzard=0.000
			arctic_water=0.000
			mud=0.000
			sandstorm=0.000
			min_snow_level=0.000
		}
	}
}
