
strategic_region={
	id=145
	name="STRATEGICREGION_145"
	provinces={
		19614 19855 19925 19958 20358 20567 20571 20853 20954 21381 21740 21891 22190 22347 22509 22539 22543 22568 22622 22625 22669 22674 22701 22824 22928 22982 23172 23221 23256 23307 23355 23507 23554 23639 23666 23830 23867 23934 23962 24005 24192 24850 24882 24914 24957 25777 25780 25785 25789 25792 25797 25800 25812 25816 25822 25829 25846 25854 25864 25869 25878 25879 25883 25925 
	}
	naval_terrain=water_shallow_sea
	weather={
	}
}
