
strategic_region={
	id=146
	name="STRATEGICREGION_146"
	provinces={
		15 89 115 143 186 257 449 538 726 963 1019 1022 1100 1129 1270 1474 1576 1642 1755 2168 2186 2197 2232 2243 2284 2547 2602 2649 2926 3026 3091 3313 3316 3348 3456 3463 3498 3583 3628 3707 3717 3785 3857 4045 4127 4159 4307 4380 4451 4505 4544 4616 5037 5213 5239 5259 5329 5342 5424 5531 5670 5682 5710 6081 6111 6199 6216 6340 6615 6804 6809 7023 7187 7327 7370 7435 7564 7783 7829 7860 8220 8249 8491 10152 10191 10202 10244 10245 10260 10297 10303 10312 10315 10316 10366 10370 10371 10395 10402 10403 10421 10433 10447 10459 10464 10497 10499 10500 10507 10529 10534 10541 10559 10574 10582 10583 10584 10594 10601 10630 10641 10642 10646 10657 10666 10669 10676 10677 10687 10688 10689 10690 10691 10703 10710 10716 10726 10739 10744 10750 10751 10762 10785 10790 10791 10801 10802 10803 10811 10818 10826 10843 10852 10856 10862 10869 10890 10898 10916 10917 10948 10953 10954 10963 10967 10972 10978 10995 11006 11042 11061 11062 11072 11077 11081 11092 11102 11103 11104 11112 11118 11119 11120 11126 11132 11133 11143 11166 11167 11173 11174 11181 11250 11273 11297 11326 18712 18729 18734 18737 18741 18747 18758 18763 18764 26639 
	}
	weather={
	}
}
