
strategic_region={
	id=147
	name="STRATEGICREGION_147"
	provinces={
		13 16 20 169 184 188 318 334 373 460 607 781 825 863 878 1168 1183 1269 1387 1599 1761 1853 1911 2059 2132 2307 2536 2539 2568 2752 2768 2882 2901 2933 2958 2991 3080 3134 3291 3355 3429 3648 3661 3679 3721 3788 3792 3815 3901 3942 3949 4032 4049 4089 4099 4147 4286 4320 4339 4376 4411 4506 4659 4725 4876 4932 4950 5076 5095 5096 5212 5272 5294 5473 5518 5587 5938 5975 6290 6310 6428 6443 6847 6934 6995 7028 7252 7278 7323 7366 7558 7589 7677 7687 7801 7868 7930 7965 7966 8022 8244 8258 8326 8406 8475 9382 9461 9471 9543 9552 9567 9574 9584 9592 9612 9613 9617 9630 9640 9641 9647 9665 9685 9701 9714 9715 9721 9749 9755 9765 9766 9794 9800 9807 9812 9819 9826 9838 9839 9840 9848 9849 9856 9877 9880 9883 9884 9888 9899 9913 9919 9925 9933 9934 9955 9959 9966 9967 9968 9977 9997 10010 10011 10013 10014 10021 10025 10031 10033 10034 10048 10056 10068 10082 10098 10099 10111 10118 10126 10127 10149 10153 10157 10165 10186 10208 10209 10212 10217 10227 10237 10238 10252 10261 10264 10265 10277 10287 10317 10319 10338 10350 10357 10372 10389 10390 10398 10422 10434 10440 10441 10448 10454 10465 10498 10513 10575 10635 18638 18680 18687 
	}
	weather={
	}
}
