
strategic_region={
	id=148
	name="STRATEGICREGION_148"
	provinces={
		554 713 1046 1067 1198 2088 2443 3563 4467 4666 4703 5127 5592 5621 6204 6262 6409 6524 6637 7415 8496 15615 15638 15662 15666 15683 15697 15702 15710 15714 15728 15733 15746 15747 15777 15783 15809 15815 15827 15856 15870 15894 15916 15917 15922 15991 15992 16037 16038 16129 16352 19139 19176 19182 19183 19186 19191 19358 19535 19837 20093 20251 20333 20419 20584 20695 20765 20797 20812 20850 20911 20957 20975 21163 21179 21202 21399 21532 21794 21806 21886 21977 22218 22299 22315 22352 22565 22686 22714 22811 22815 22934 22941 22948 23129 23158 23160 23314 23316 23368 23398 23476 23481 23490 23584 23597 23627 23769 23889 23933 23940 24051 24055 24087 24088 24103 24167 24234 24271 24286 24304 24411 24436 24534 24583 24584 24643 24696 24711 24806 24861 24883 24960 24979 26135 26143 26153 26157 26158 26168 26176 26181 26182 26189 26190 26199 26201 26202 26209 26210 26211 26212 26224 26233 26236 26241 26242 26249 26263 26281 26292 26293 26300 26321 26332 26605 
	}
	naval_terrain=water_fjords
	weather={
	}
}
