
strategic_region={
	id=15
	name="STRATEGICREGION_15"
	provinces={
		192 366 463 504 1249 1548 1565 1739 2010 2254 2256 2573 2661 2999 3147 3484 3485 3690 3915 3940 4012 4100 4454 4549 4691 4948 4949 4959 5126 5171 5242 5480 6010 6408 6773 6793 6959 7049 7373 7467 7518 7780 8030 8512 17949 17954 17961 17962 17970 18012 18013 18020 18076 18077 18082 18091 18128 18144 18165 18199 18200 18221 18231 18249 18253 18259 18265 18287 18305 18320 18331 18364 18376 18386 18392 18412 18422 18428 18441 18462 18463 18465 18466 18484 18489 18497 18498 18534 18535 18549 18550 18551 19334 26689 
	}
	weather={
	}
}
