
strategic_region={
	id=150
	name="STRATEGICREGION_150"
	provinces={
		1083 3689 4474 16170 16250 16280 16343 16398 16411 16577 19168 19169 19170 19172 19185 19187 19189 19194 19195 19206 19209 19210 19212 19219 19220 19574 19903 20210 20337 20671 20766 20896 21168 21657 21671 21682 21706 21859 22040 22163 22185 22208 22320 22437 22733 22892 22916 22988 23111 23116 23269 23301 23495 23563 23704 23798 23848 23900 23997 24009 24040 24308 24350 24367 24438 24445 24580 24626 24657 24729 24922 24945 25011 25026 25028 26254 26255 26261 26272 26277 26280 26289 26294 26304 26306 26307 26324 26325 26328 26338 26343 26352 26365 
	}
	naval_terrain=water_fjords
	weather={
	}
}
