
strategic_region={
	id=151
	name="STRATEGICREGION_151"
	provinces={
		934 1286 2558 4218 5669 5766 6126 6596 7776 16382 16409 16422 16487 16634 16757 16784 16805 16816 16855 19221 19225 19236 19238 19835 19951 20563 20605 20893 21127 21162 21266 21448 21482 21747 21753 21799 22349 22741 23344 23430 23530 23780 23793 23828 24037 24116 24270 24276 24561 26301 26320 26326 26340 26345 26360 26368 26372 26380 26383 26397 26401 26420 
	}
	naval_terrain=water_fjords
	weather={
		period={
			between={ 0.0 30.0 }
			temperature={ -10.0 35.0 }
			no_phenomenon=1.500
			rain_light=0.250
			rain_heavy=0.100
			snow=0.000
			blizzard=0.000
			arctic_water=0.000
			mud=0.000
			sandstorm=0.000
			min_snow_level=0.000
		}
	}
}
