
strategic_region={
	id=155
	name="STRATEGICREGION_155"
	provinces={
		22362 19862 20088 20097 20222 20540 20575 20659 20867 21707 21867 22090 22150 22153 22348 22386 22405 22431 22521 22542 22652 22751 22768 22769 22909 22970 23051 23755 24127 24336 24382 24399 24476 24512 24537 24594 24609 24817 24879 24889 25032 25076 26111 26136 26155 26163 26166 26191 26204 26218 26228 26230 26262 
	}
	naval_terrain=water_deep_ocean
	weather={
		period={
			between={ 0.0 30.0 }
			temperature={ -10.0 35.0 }
			no_phenomenon=1.500
			rain_light=0.250
			rain_heavy=0.100
			snow=0.000
			blizzard=0.000
			arctic_water=0.000
			mud=0.000
			sandstorm=0.000
			min_snow_level=0.000
		}
	}
}
