
strategic_region={
	id=156
	name="STRATEGICREGION_156"
	provinces={
		5002 7141 14177 14255 19017 19025 19034 19035 19042 19722 19904 19999 20128 20153 20154 20185 20234 20522 21096 21256 21434 21459 21480 21667 21743 21941 22157 22216 22294 22552 22693 22730 22870 22917 23069 23115 23214 23287 23498 23559 23570 23675 23782 23822 23827 24080 24091 24400 24529 24595 24650 24723 24872 24875 24970 25877 25880 25887 25909 25913 25929 25930 25932 25946 25947 25952 25956 25966 25970 25982 25986 
	}
	naval_terrain=water_fjords
	weather={
	}
}
