
strategic_region={
	id=158
	name="STRATEGICREGION_158"
	provinces={
		282 523 642 740 797 927 1456 1483 1555 1885 2189 2927 3303 3737 4309 4569 4606 4646 4768 4798 4831 5055 5187 5263 5350 5391 5431 5767 6094 6255 6418 6470 6676 6680 6709 6810 7124 7140 7410 7468 7475 7757 8553 12248 12277 12294 12328 12341 12357 12382 12418 12419 12478 12491 12492 12499 12512 12538 12543 12563 12564 12581 12585 12590 12591 12592 12606 12609 12610 12619 12620 12651 12658 12678 12684 12689 12690 12710 12720 12755 12769 12773 12777 12805 12806 12810 12811 12831 12840 12844 12848 12849 12858 12868 18881 18896 18918 
	}
	weather={
		period={
			between={ 0.0 30.0 }
			temperature={ -10.0 35.0 }
			no_phenomenon=1.500
			rain_light=0.250
			rain_heavy=0.100
			snow=0.000
			blizzard=0.000
			arctic_water=0.000
			mud=0.000
			sandstorm=0.000
			min_snow_level=0.000
		}
	}
}
