
strategic_region={
	id=159
	name="STRATEGICREGION_159"
	provinces={
		161 177 196 279 476 729 820 1009 1061 1114 1150 1173 1389 1559 1589 1603 1626 1740 2102 2191 2329 2525 2795 2952 3033 3149 3253 3321 3378 3596 3997 4041 4172 4243 4249 4539 4552 4613 4685 4745 4886 5082 5197 5261 5305 5801 6102 6453 6551 6780 6794 6902 7143 7390 7534 7855 8214 8452 8456 13183 13202 13230 13239 13245 13256 13257 13262 13285 13295 13319 13333 13334 13355 13360 13384 13399 13408 13426 13446 13451 13452 13458 13477 13496 13503 13524 13532 13539 13550 13574 13595 13596 13597 13609 13617 13618 13632 13633 13663 13664 13671 13683 13697 13700 13722 13731 13732 13734 13744 13745 13766 13778 13779 13781 13788 13795 13821 13822 13823 13826 13834 13838 13846 13859 13869 13872 13886 13910 13925 13958 13959 13972 13982 14005 14014 14031 14052 14055 14069 14097 18938 18941 18948 18968 18999 
	}
	weather={
		period={
			between={ 0.0 30.0 }
			temperature={ -10.0 35.0 }
			no_phenomenon=1.500
			rain_light=0.250
			rain_heavy=0.100
			snow=0.000
			blizzard=0.000
			arctic_water=0.000
			mud=0.000
			sandstorm=0.000
			min_snow_level=0.000
		}
	}
}
