
strategic_region={
	id=16
	name="STRATEGICREGION_16"
	provinces={
		208 271 366 395 475 494 504 616 697 708 725 1014 1089 1225 1311 1386 1487 1695 1739 1919 2010 2028 2089 2120 2128 2167 2227 2282 2530 2561 2573 2620 2657 2661 2751 2802 2975 3042 3097 3121 3173 3375 3485 3547 3690 3756 3796 3898 3916 4012 4068 4343 4409 4571 4699 4807 4833 4949 4959 5072 5126 5204 5332 5401 5462 5476 5691 5760 5814 5923 6007 6173 6377 6408 6544 6548 6649 6697 6789 7049 7189 7197 7245 7443 7764 7894 8030 8063 8124 8239 8376 8512 8534 17563 17636 17681 17693 17704 17722 17738 17743 17744 17746 17753 17765 17781 17782 17795 17796 17810 17825 17847 17848 17858 17859 17864 17873 17886 17898 17903 17907 17916 17937 17938 17939 17943 17949 17950 17954 17961 17962 17970 17988 17989 17995 17996 18007 18012 18013 18014 18020 18021 18043 18066 18071 18072 18076 18077 18078 18082 18083 18091 18109 18120 18121 18122 18128 18129 18144 18145 18154 18165 18166 18176 18193 18194 18199 18206 18231 18265 18273 18293 18294 18301 18316 18321 18334 18335 18336 18377 18452 18509 18519 18527 18528 18543 19330 19331 19334 19351 26689 
	}
	weather={
	}
}
