
strategic_region={
	id=160
	name="STRATEGICREGION_160"
	provinces={
		53 87 106 281 333 352 519 615 829 889 994 1711 1730 1960 2027 2098 2194 2301 2340 2390 2527 2719 2997 3089 3243 3247 3271 3367 3449 3455 3617 3923 4090 4364 4444 4647 4739 4750 4761 5586 5758 5839 5910 6367 6688 6700 6703 6868 6897 7137 7165 7167 7260 7684 7690 7738 7821 7851 7869 7901 8089 12801 12872 12875 12880 12885 12886 12915 12916 12923 12924 12961 12965 12972 12974 12990 12996 12997 13001 13010 13011 13032 13033 13037 13038 13056 13057 13063 13064 13065 13075 13076 13077 13085 13090 13103 13113 13116 13125 13129 13138 13143 13167 13171 13206 13212 13240 13253 13254 13272 13286 13287 13320 13324 13325 13356 13385 13386 13395 13402 13461 13462 13478 13510 13533 13551 13575 13598 13619 13642 13646 13658 13680 13684 13685 13701 13746 13747 13748 13839 26615 
	}
	weather={
	}
}
