
strategic_region={
	id=161
	name="STRATEGICREGION_161"
	provinces={
		51 880 1060 1952 2410 2623 2736 2934 3390 3647 3659 4151 4299 4587 4620 5825 6683 6929 7008 7112 7200 7727 7950 8427 12859 12881 12921 12925 12945 12954 12969 12975 12998 12999 13003 13039 13040 13046 13051 13078 13093 13094 13134 13154 13159 13188 13213 13218 13231 13263 13273 13310 13335 18934 18936 18944 
	}
	weather={
		period={
			between={ 0.0 30.0 }
			temperature={ -10.0 35.0 }
			no_phenomenon=1.500
			rain_light=0.250
			rain_heavy=0.100
			snow=0.000
			blizzard=0.000
			arctic_water=0.000
			mud=0.000
			sandstorm=0.000
			min_snow_level=0.000
		}
	}
}
