
strategic_region={
	id=163
	name="STRATEGICREGION_163"
	provinces={
		54 62 78 251 362 378 419 620 692 811 817 836 891 929 955 1049 1063 1068 1302 1365 1425 1469 1502 1517 1527 1547 1609 1646 1712 1714 1743 1821 1947 2033 2081 2174 2177 2266 2270 2335 2364 2425 2431 2438 2555 2594 2671 2714 2815 2849 2902 2984 3069 3084 3140 3228 3239 3318 3361 3462 3619 3658 3724 3769 3777 3911 4003 4311 4419 4420 4668 4741 4771 4851 4914 5012 5066 5168 5331 5421 5585 5683 5763 5954 6008 6098 6133 6217 6236 6490 6500 6511 6591 6634 6673 6678 6717 6746 6774 6819 6892 6906 7030 7130 7142 7221 7301 7305 7315 7332 7352 7508 7621 7714 7830 7935 7944 8093 8159 8170 8327 10269 10270 10274 10279 10305 10334 10346 10361 10391 10450 10473 10478 10479 10543 10544 10545 10562 10563 10590 10604 10605 10625 10632 10636 10644 10671 10680 10681 10684 10705 10706 10707 10711 10718 10724 10728 10734 10740 10745 10746 10747 10757 10769 10770 10772 10779 10780 10786 10796 10804 10805 10820 10821 10839 10847 10848 10859 10865 10872 10879 10880 10893 10901 10906 10907 10912 10913 10918 10919 10957 10970 10971 10997 11005 11008 11009 11018 11026 11032 11037 11051 11058 11065 11066 11067 11068 11084 11085 11096 11099 11114 11115 11121 11134 11138 11139 11156 11163 11168 11177 11184 11188 11189 11193 11194 11202 11203 11209 11210 11224 11225 11231 11232 11233 11240 11241 11252 11256 11267 11268 11278 11279 11282 11283 11286 11293 11294 11308 11309 11310 11324 11327 11330 11331 11339 11345 11385 11391 11407 11410 11452 18692 18693 18694 18695 18697 26643 
	}
	weather={
	}
}
