
strategic_region={
	id=164
	name="STRATEGICREGION_164"
	provinces={
		114 117 223 250 376 534 551 569 570 586 598 632 658 687 741 750 762 841 861 989 1105 1461 1477 1598 1660 1663 1673 1684 1706 1708 1862 1898 2001 2091 2093 2103 2173 2367 2405 2549 2576 2763 2807 2915 2944 3067 3132 3161 3193 3217 3229 3393 3441 3457 3612 3670 3723 3808 3853 3859 3999 4115 4142 4405 4498 4508 4661 4778 4821 4928 5049 5054 5374 5527 5583 5613 5643 5657 5694 5730 5736 5773 5852 5857 6185 6283 6445 6504 6761 6808 6898 6901 7042 7052 7394 7400 7455 7497 7525 7567 7652 7657 7667 7676 7752 7792 7802 7948 8047 8066 8279 8336 8366 8525 8526 8535 11214 11253 11257 11280 11325 11340 11346 11349 11365 11370 11378 11379 11386 11392 11396 11400 11401 11420 11432 11436 11437 11439 11448 11462 11464 11470 11471 11475 11483 11502 11506 11509 11515 11519 11523 11530 11536 11540 11546 11547 11555 11556 11574 11581 11582 11584 11586 11587 11603 11604 11608 11615 11623 11626 11633 11634 11637 11656 11658 11659 11660 11668 11671 11672 11674 11675 11687 11691 11703 11704 11705 11709 11714 11732 11733 11738 11739 11749 11753 11766 11779 11780 11783 11784 11796 11812 11820 11822 11824 11825 11829 11830 11835 11855 11866 11878 11882 11883 11888 11889 11898 11903 11909 11915 11917 11919 11926 11937 11942 11954 11964 11980 11991 11992 12021 12022 12048 12054 18781 18789 18800 18823 18827 18830 18837 18839 18846 18850 26609 26617 26649 26652 
	}
	weather={
		period={
			between={ 0.0 30.0 }
			temperature={ -10.0 35.0 }
			no_phenomenon=1.500
			rain_light=0.250
			rain_heavy=0.100
			snow=0.000
			blizzard=0.000
			arctic_water=0.000
			mud=0.000
			sandstorm=0.000
			min_snow_level=0.000
		}
	}
}
