
strategic_region={
	id=165
	name="STRATEGICREGION_165"
	provinces={
		31 149 264 276 557 595 666 712 718 870 908 966 973 1079 1085 1107 1263 1310 1320 1827 1870 1887 1933 1968 2066 2111 2253 2293 2318 2326 2352 2393 2466 2478 2592 2616 2813 2847 2948 2979 3144 3171 3238 3363 3369 3435 3452 3506 3532 3540 3574 3615 3688 3766 3883 3894 4095 4108 4139 4191 4212 4245 4289 4294 4371 4491 4567 4604 4765 4849 4855 4858 4894 4922 4952 4976 5000 5053 5122 5208 5232 5237 5246 5268 5313 5412 5419 5477 5572 5575 5648 5655 5687 5844 6086 6099 6104 6140 6336 6355 6359 6402 6407 6433 6520 6665 6690 6694 6698 6711 6784 6834 6845 6891 6968 6969 7022 7088 7161 7279 7519 7538 7584 7662 7663 7730 7744 7766 7861 7891 7988 8058 8092 8102 8236 8304 8396 8400 8431 8441 8489 8552 11558 11559 11575 11578 11596 11610 11638 11639 11640 11645 11654 11665 11676 11677 11679 11682 11692 11693 11694 11706 11710 11715 11716 11717 11720 11721 11725 11726 11740 11741 11742 11750 11757 11758 11759 11767 11768 11769 11773 11776 11785 11788 11789 11794 11797 11801 11802 11804 11806 11809 11813 11815 11816 11821 11823 11826 11827 11828 11831 11834 11836 11837 11848 11849 11851 11860 11863 11867 11868 11872 11873 11879 11880 11884 11890 11891 11892 11893 11910 11911 11916 11918 11923 11931 11938 11939 11947 11948 11951 11952 11955 11956 11957 11958 11960 11961 11965 11966 11974 11982 11986 11987 11993 11994 11995 11996 11997 11998 12002 12005 12006 12012 12017 12018 12023 12026 12029 12030 12037 12038 12043 12044 12045 12055 12067 12068 12070 12074 12079 12082 12089 12090 12091 12092 12095 12103 12104 12105 12109 12112 12116 12117 12118 12121 12127 12133 12140 12145 12148 12151 12152 12153 12158 12163 12164 12168 12179 12180 12181 12188 12189 12194 12198 12202 12218 12219 12223 12250 12256 12304 12309 12339 12387 18835 18862 18866 18878 18880 18883 18884 26621 
	}
	weather={
		period={
			between={ 0.0 30.0 }
			temperature={ -10.0 35.0 }
			no_phenomenon=1.500
			rain_light=0.250
			rain_heavy=0.100
			snow=0.000
			blizzard=0.000
			arctic_water=0.000
			mud=0.000
			sandstorm=0.000
			min_snow_level=0.000
		}
	}
}
