
strategic_region={
	id=166
	name="STRATEGICREGION_166"
	provinces={
		44 101 103 124 170 278 287 293 644 651 677 766 802 874 1102 1182 1372 1393 1639 1689 1733 1764 1795 1816 1901 1942 2022 2075 2083 2172 2583 2595 2652 2660 2669 2681 2707 2870 2969 3003 3076 3231 3250 3324 3344 3530 3538 3620 3623 3651 3662 3681 3682 3710 3786 3889 3933 4001 4038 4101 4363 4392 4440 4442 4931 4979 5301 5484 5555 5590 5619 6129 6214 6343 6375 6766 6829 6900 7034 7084 7457 7824 7871 7927 8016 8090 8161 8187 8357 8359 13293 13299 13350 13381 13392 13397 13400 13410 13429 13442 13454 13459 13483 13498 13507 13513 13514 13527 13535 13536 13545 13567 13579 13586 13590 13606 13622 13623 13639 13654 13674 13675 13691 13710 13718 13728 13737 13738 13739 13752 13773 13774 13780 13790 13806 13824 13836 13848 13864 13870 13875 13882 13906 13923 13961 13975 13987 13988 14018 14023 14026 14027 14028 14035 14048 14057 14076 14077 14101 14102 14109 14118 14119 14132 14138 14142 14163 14172 14178 14179 14194 14229 14235 14250 14251 14258 14268 14283 14290 14300 14301 14304 14313 14318 14319 14343 14357 14380 14384 14397 14419 14432 14454 14469 14475 14486 14525 14530 14570 14624 14688 18974 
	}
	weather={
		period={
			between={ 0.0 30.0 }
			temperature={ -10.0 35.0 }
			no_phenomenon=1.500
			rain_light=0.250
			rain_heavy=0.100
			snow=0.000
			blizzard=0.000
			arctic_water=0.000
			mud=0.000
			sandstorm=0.000
			min_snow_level=0.000
		}
	}
}
