
strategic_region={
	id=167
	name="STRATEGICREGION_167"
	provinces={
		578 1018 1290 3300 3869 3968 4332 6598 7340 7374 8172 14439 14468 14485 14589 14593 14637 14645 14685 14763 14891 14932 19045 19049 19058 19064 19066 19374 20125 20306 20353 20356 20622 21243 21521 21582 21687 21992 22342 22439 22507 23293 23341 23546 23604 23716 23820 23884 23957 24056 24204 24300 24314 24349 24386 24457 24542 24615 24660 24780 24990 26008 26015 26026 26052 26081 26090 26125 
	}
	naval_terrain=water_deep_ocean
	weather={
	}
}
