
strategic_region={
	id=168
	name="STRATEGICREGION_168"
	provinces={
		457 776 2409 2508 3407 4324 5889 5962 6405 6738 6884 7065 7563 8240 14963 14985 14986 15018 15025 15070 15075 15091 15094 15119 15120 15159 19044 19054 19055 19059 19060 19074 19080 19575 19923 19963 20212 20221 20343 20566 21112 21253 21472 21477 21479 21911 22028 22030 22129 22141 22210 22389 22678 22784 22894 22923 23077 23108 23147 23182 23191 23210 23222 23223 23337 23425 23449 23648 23743 23791 23861 23881 23895 23931 23998 24012 24105 24219 24325 24357 24565 24682 24700 24736 24795 24802 25010 25964 25978 25991 25992 26000 26004 26019 26025 26031 26035 26042 26047 26057 26059 26062 26077 26099 26115 26121 26122 26131 
	}
	naval_terrain=water_deep_ocean
	weather={
	}
}
