
strategic_region={
	id=169
	name="STRATEGICREGION_169"
	provinces={
		20219 20307 20434 20600 20615 20974 21101 21136 21153 21192 21278 21553 21780 21832 22430 22771 22810 23014 23143 23387 23571 23593 23687 23821 23841 23904 23914 24330 24467 24556 24576 24703 24754 24779 24950 24981 25920 25935 25940 25943 25948 25953 25962 25965 25968 25969 25975 25979 25998 26001 26005 26017 26028 
	}
	naval_terrain=water_deep_ocean
	weather={
		period={
			between={ 0.0 30.0 }
			temperature={ -10.0 35.0 }
			no_phenomenon=1.500
			rain_light=0.250
			rain_heavy=0.100
			snow=0.000
			blizzard=0.000
			arctic_water=0.000
			mud=0.000
			sandstorm=0.000
			min_snow_level=0.000
		}
	}
}
