
strategic_region={
	id=17
	name="STRATEGICREGION_17"
	provinces={
		128 382 393 465 500 520 588 662 772 812 835 845 865 915 941 971 1172 1184 1252 1371 1399 1402 1404 1591 1614 1682 1792 1830 1847 1855 2036 2086 2137 2156 2225 2295 2327 2369 2419 2554 2694 2696 2769 2780 2938 3299 3319 3410 3536 3537 3747 3773 3914 3919 4009 4122 4141 4205 4361 4431 4446 4461 4586 4593 4805 5056 5163 5303 5389 5425 5542 5544 5560 5605 5625 5692 5733 5816 5881 5935 6042 6075 6157 6220 6256 6394 6435 6510 6630 6945 7000 7018 7054 7304 7333 7427 7484 7536 7566 7619 7812 7893 7929 8040 8061 8095 8105 8201 8421 8457 16921 17027 17081 17082 17088 17122 17133 17134 17144 17148 17157 17165 17175 17176 17188 17195 17207 17208 17213 17214 17227 17228 17235 17241 17245 17246 17255 17256 17263 17270 17285 17286 17297 17301 17302 17310 17311 17315 17316 17321 17340 17341 17342 17350 17351 17352 17364 17368 17369 17375 17376 17380 17393 17399 17400 17407 17408 17415 17416 17425 17426 17436 17448 17449 17450 17456 17457 17464 17465 17466 17479 17490 17491 17502 17507 17508 17515 17516 17522 17533 17534 17546 17556 17557 17561 17562 17564 17565 17572 17573 17574 17594 17598 17622 17637 17646 17654 17660 17661 17680 17687 17692 17709 17721 17728 17733 17760 17776 17777 17780 17783 17803 17824 19271 19280 
	}
	weather={
	}
}
