
strategic_region={
	id=172
	name="STRATEGICREGION_172"
	provinces={
		2433 9240 18607 18609 18612 18616 19916 19956 20001 20086 20090 20112 20418 20794 20931 21097 21421 21619 21673 21769 21900 21902 21935 22020 22119 22297 22438 22843 22850 22971 23012 23192 23325 23350 23370 23501 23548 23616 23622 23851 23911 23996 24164 24189 24515 24591 24670 24688 24690 24741 24857 25174 25183 25192 25216 25244 25254 25261 
	}
	naval_terrain=water_deep_ocean
	weather={
		period={
			between={ 0.0 30.0 }
			temperature={ -10.0 35.0 }
			no_phenomenon=1.500
			rain_light=0.250
			rain_heavy=0.100
			snow=0.000
			blizzard=0.000
			arctic_water=0.000
			mud=0.000
			sandstorm=0.000
			min_snow_level=0.000
		}
	}
}
