
strategic_region={
	id=174
	name="STRATEGICREGION_174"
	provinces={
		599 1411 3297 4792 4956 7080 7087 9236 9344 9396 9444 9467 9497 9662 9692 9735 18605 18610 18625 18626 18628 19471 19549 19656 19873 19886 20019 20029 20514 20775 21185 21213 21424 21662 21724 22091 22125 22193 22328 22699 22720 22743 22838 22980 23058 23065 23094 23376 23485 23749 23783 24104 24128 24299 24355 24490 24553 24699 24748 24866 25066 25165 25172 25181 25196 25200 25222 25226 25228 25245 25249 25262 25278 25289 
	}
	naval_terrain=water_deep_ocean
	weather={
		period={
			between={ 0.0 30.0 }
			temperature={ -10.0 35.0 }
			no_phenomenon=1.500
			rain_light=0.250
			rain_heavy=0.100
			snow=0.000
			blizzard=0.000
			arctic_water=0.000
			mud=0.000
			sandstorm=0.000
			min_snow_level=0.000
		}
	}
}
