
strategic_region={
	id=18
	name="STRATEGICREGION_18"
	provinces={
		71 339 659 706 946 1323 2030 2682 3155 3781 3918 4036 4262 4302 4488 4502 4715 5078 5182 5382 5576 5653 5663 5882 5928 6000 6235 6378 6502 6581 7091 7328 7445 7660 7785 8209 8384 8403 16499 16556 16596 16602 16637 16644 16706 16744 16758 16785 16788 16801 16822 16826 16835 16864 16878 16900 16901 16929 16955 16961 16965 16980 16992 17003 17009 17010 17026 17050 17051 17055 17056 17061 17099 17101 17102 17107 17116 17117 17118 17119 17132 17146 17147 17151 17152 17156 17172 17191 17262 19234 19250 19262 20417 21883 23386 26385 26393 
	}
	weather={
		period={
			between={ 0.0 30.0 }
			temperature={ -10.0 35.0 }
			no_phenomenon=1.500
			rain_light=0.250
			rain_heavy=0.100
			snow=0.000
			blizzard=0.000
			arctic_water=0.000
			mud=0.000
			sandstorm=0.000
			min_snow_level=0.000
		}
	}
}
