
strategic_region={
	id=181
	name="STRATEGICREGION_181"
	provinces={
		1297 2366 4554 5498 5747 6695 8884 8922 8981 9014 9020 9047 9094 9109 9133 18590 19527 19880 20548 20669 20678 20772 20976 21119 21195 21315 21690 22084 22139 22145 22203 22219 22455 22487 22654 22765 22837 22954 23181 23207 23284 23685 23959 24021 24226 24418 24536 24819 24842 24898 24968 25016 25097 25111 25112 25128 25158 25167 25180 25188 25203 25211 
	}
	naval_terrain=water_deep_ocean
	weather={
		period={
			between={ 0.0 30.0 }
			temperature={ -10.0 35.0 }
			no_phenomenon=1.500
			rain_light=0.250
			rain_heavy=0.100
			snow=0.000
			blizzard=0.000
			arctic_water=0.000
			mud=0.000
			sandstorm=0.000
			min_snow_level=0.000
		}
	}
}
