
strategic_region={
	id=182
	name="STRATEGICREGION_182"
	provinces={
		7 29 84 91 136 258 363 437 479 779 789 1015 1026 1221 1264 1333 1336 1358 1489 1500 1769 2011 2342 2708 2796 2804 2856 2909 2971 3039 3203 3479 3750 3825 3917 4059 4279 4291 4384 4425 4453 4483 4776 4893 4963 5028 5155 5368 5422 5443 5465 5561 5600 5680 5701 5737 5768 5826 5920 5984 6002 6068 6162 6213 6364 6448 6475 6534 6733 6916 6924 6998 7010 7226 7321 7335 7474 7505 7737 7842 7999 8127 8264 8343 8388 8523 9115 9156 9175 9178 9179 9188 9209 9210 9215 9224 9242 9255 9264 9293 9299 9307 9310 9318 9319 9330 9352 9360 9364 9397 9406 9414 9415 9416 9421 9427 9434 9435 9445 9454 9464 9482 9483 9498 9501 9508 9515 9520 9531 9535 9541 9557 9562 9563 9571 9597 9603 9604 9614 9620 9643 9644 9645 9655 9656 9663 9672 9680 9681 9688 9694 9695 9696 9708 9729 9737 9752 9774 9787 9793 9811 9817 9829 9850 9853 9858 9874 9904 9905 9912 9948 9953 9980 9989 10004 10022 10029 10038 10042 10066 10072 10074 10075 10115 10123 10141 10146 10181 18642 26636 
	}
	weather={
	}
}
