
strategic_region={
	id=183
	name="STRATEGICREGION_183"
	provinces={
		190 1671 2798 5439 7986 8076 8117 8265 8268 8325 8589 8590 8591 8628 8640 8677 9377 18629 18630 18650 19384 19483 19633 19982 20793 21161 21182 21385 21570 21670 21970 22237 22268 22306 22462 22512 22620 22713 22803 22806 22904 22940 23433 23477 23535 23650 23678 23781 23892 24018 24081 24086 24249 24264 24322 24337 24463 24617 24621 24799 24829 24962 25019 25095 25096 25107 25115 25130 25144 25148 25155 25182 25189 25193 25202 25209 25217 25231 25233 
	}
	naval_terrain=water_deep_ocean
	weather={
	}
}
