
strategic_region={
	id=185
	name="STRATEGICREGION_185"
	provinces={
		140 745 3971 3990 5275 5635 7438 8680 8777 8802 8853 8931 8939 8983 8984 9089 9101 9136 9145 18562 18565 18576 18578 18579 18584 18587 18588 18592 18595 18611 19482 20011 20126 20149 20308 20718 21056 21124 21420 21571 21674 21784 22232 22322 22367 22555 22676 22798 22994 23062 23279 23339 23602 23871 24032 24038 24096 24381 24401 24456 24753 24835 25099 25100 25120 25124 25126 25131 25141 25142 25176 25179 25186 
	}
	naval_terrain=water_deep_ocean
	weather={
		period={
			between={ 0.0 30.0 }
			temperature={ -10.0 35.0 }
			no_phenomenon=1.500
			rain_light=0.250
			rain_heavy=0.100
			snow=0.000
			blizzard=0.000
			arctic_water=0.000
			mud=0.000
			sandstorm=0.000
			min_snow_level=0.000
		}
	}
}
