
strategic_region={
	id=186
	name="STRATEGICREGION_186"
	provinces={
		2753 4133 4501 5444 6631 8217 8247 9353 9428 9572 9651 9697 9742 10143 10388 10598 10789 10850 18618 18619 18623 18637 18640 18671 18679 18682 18683 18686 18688 18696 18699 18701 18702 18716 18724 18727 19480 19493 19623 19675 19833 19844 19931 20143 20361 20443 20526 20640 20662 20782 20908 20958 21132 21228 21288 21423 21502 21625 21728 21787 21894 21957 21963 22080 22171 22301 22340 22445 22497 22550 22619 22666 22682 22711 22809 23015 23038 23264 23282 23422 23441 23452 23523 23611 23620 23640 23708 23912 23990 24044 24082 24109 24146 24178 24180 24220 24246 24320 24324 24391 24563 24606 24633 24685 24692 24712 24722 24740 24797 24839 24940 24969 25037 25185 25191 25199 25214 25227 25239 25253 25258 25266 25280 25296 25298 25323 25330 25342 25353 25370 25383 25389 25390 
	}
	naval_terrain=water_deep_ocean
	weather={
		period={
			between={ 0.0 30.0 }
			temperature={ -10.0 35.0 }
			no_phenomenon=1.500
			rain_light=0.250
			rain_heavy=0.100
			snow=0.000
			blizzard=0.000
			arctic_water=0.000
			mud=0.000
			sandstorm=0.000
			min_snow_level=0.000
		}
	}
}
