
strategic_region={
	id=19
	name="STRATEGICREGION_19"
	provinces={
		132 206 305 432 715 722 736 1074 1247 1292 1355 1391 1480 1568 1655 1704 1918 2018 2182 2263 2324 2436 2823 3054 3187 3560 3730 3778 3809 3813 3864 3936 3979 4069 4083 4084 4178 4208 4226 4319 4369 4582 4664 4890 5107 5128 5247 5322 5366 5403 5475 5479 5608 5651 5780 5795 5840 5981 6006 6031 6067 6132 6181 6270 6319 6431 6654 6772 6775 6936 7083 7236 7268 7313 7344 7488 7521 7557 7762 7886 7952 8043 8173 8192 8274 8555 8564 17158 17169 17170 17199 17220 17230 17236 17251 17259 17277 17283 17288 17292 17293 17298 17299 17307 17312 17323 17326 17335 17344 17345 17355 17356 17387 17388 17397 17413 17421 17438 17440 17444 17445 17451 17460 17471 17472 17475 17493 17494 17519 17526 17527 17537 17552 17553 17568 17579 17585 17590 17609 17618 17625 17650 17674 17689 17690 17715 17729 17730 17757 17762 17771 17778 17815 17816 17821 17836 17860 17888 17910 17918 17919 17946 17964 17965 17966 17973 18015 18031 18036 18087 18095 18110 18111 18124 18141 18152 18178 18179 18196 18236 18242 18290 18389 18436 19340 19344 22296 23030 26685 
	}
	weather={
	}
}
