
strategic_region={
	id=190
	name="STRATEGICREGION_190"
	provinces={
		1212 2715 3153 3440 4399 5943 6271 6661 7627 8029 8152 10841 10855 10975 11039 11264 11404 11463 11499 11549 18728 18738 18743 18745 18746 18749 18750 18751 18753 18754 18755 18759 18760 18765 18767 18770 18773 18774 18775 18780 18785 18786 18787 18788 18791 18794 18795 18803 18805 18806 18809 18811 18814 18828 18833 18836 19407 19417 19474 19567 19613 19649 19654 19742 19823 19851 20045 20403 20412 20511 20554 20573 20610 20641 20650 20687 20781 20796 20871 20905 20989 21041 21065 21150 21230 21239 21390 21402 21467 21489 21543 21555 21631 21651 21739 21749 21912 21978 22096 22134 22167 22196 22412 22470 22491 22496 22597 22690 22736 22758 22772 22773 22829 22925 23067 23187 23257 23260 23270 23346 23357 23382 23385 23426 23473 23492 23539 23568 23633 23718 23773 23795 23882 23883 23891 23966 24027 24045 24065 24067 24072 24106 24147 24194 24331 24374 24407 24419 24426 24432 24471 24502 24526 24533 24590 24630 24662 24691 24812 24886 24909 24975 24978 24988 24993 25058 25371 25394 25400 25408 25410 25415 25423 25424 25426 25427 25434 25442 25444 25445 25446 25472 25477 25485 25486 25493 25496 25498 25512 25513 25521 25524 25528 25531 25533 25540 25552 25553 25557 25563 25576 25585 25596 
	}
	naval_terrain=water_deep_ocean
	weather={
	}
}
