
strategic_region={
	id=195
	name="STRATEGICREGION_195"
	provinces={
		316 530 2429 2650 3152 3668 3757 4170 4634 5201 6101 6351 7109 7238 8222 11854 11894 11895 11907 11927 11930 11941 11950 11971 11972 12007 12015 12016 12019 12025 12033 12059 12069 12071 12080 12107 12108 12125 12159 12215 12257 12351 12355 12384 18841 18843 18845 18855 18856 18861 18864 18867 18871 18873 18875 18888 18891 18895 18903 18904 18909 19652 19672 20058 20135 20189 20402 20415 20604 20779 20869 21078 21158 21312 21322 21368 21476 22050 22461 22544 22578 22664 22742 22872 22964 22977 23104 23156 23335 23351 23455 23462 23475 23545 23553 23574 23682 23715 23768 23788 23805 23924 23956 23965 23981 23992 23993 24000 24031 24179 24209 24215 24254 24504 24900 24994 25009 25067 25583 25605 25629 25631 25632 25640 25641 25647 25663 25667 25683 25684 25695 25698 25702 25727 25732 25742 25743 
	}
	naval_terrain=water_deep_ocean
	weather={
	}
}
