
strategic_region={
	id=197
	name="STRATEGICREGION_197"
	provinces={
		24 181 219 351 584 1087 1097 1117 1133 1185 1234 1272 1364 1464 1596 1625 1751 1914 1975 1984 2491 2495 2562 2567 2673 2828 2848 2985 3032 3120 3186 3227 3466 3470 3571 3629 3646 3780 3841 3938 3950 4080 4255 4441 4480 4522 4548 4714 4719 4728 4763 4816 4836 5021 5063 5089 5181 5185 5222 5316 5365 5441 5442 5453 5524 5611 5713 5959 5966 5986 6044 6123 6326 6397 6429 6463 6549 6578 6593 6599 6655 6722 6748 6811 6877 6888 6955 7253 7281 7611 7624 7642 7706 7712 7774 7813 7836 7918 7959 8080 8273 8554 8609 8610 8611 8612 8613 8614 8615 8616 8617 8618 8619 8620 8621 8622 8623 8625 8633 8634 8644 8645 8646 8647 8648 8652 8653 8654 8659 8664 8669 8684 8685 8686 8687 8692 8697 8699 8700 8701 8702 8705 8714 8715 8716 8722 8727 8728 8738 8739 8742 8743 8748 8755 8761 8762 8767 8768 8774 8784 8785 8786 8793 8817 8823 8824 8828 8831 8838 8852 8861 8864 8865 8870 8871 8876 8877 8886 8892 8905 8906 8910 8912 8913 8914 8919 8927 8930 8938 8944 8945 8946 8952 8953 8957 8968 8973 8989 8996 8997 8998 9003 9004 9009 9016 9025 9031 9035 9036 9040 9041 9042 9050 9051 9068 9074 9077 9083 9088 9108 9114 9116 9124 9134 9135 9144 9150 9164 9170 9194 9201 9241 9280 18564 18575 18581 18593 18597 18599 18600 18601 18608 18621 18624 26626 26627 
	}
	weather={
	}
}
