
strategic_region={
	id=20
	name="STRATEGICREGION_20"
	provinces={
		47 126 173 205 300 379 383 862 1215 1219 1450 1788 2023 2063 2143 2188 2458 2492 2586 2726 2981 2982 2993 3113 3215 3234 3322 3341 3631 3632 3657 3797 3805 4076 4135 4231 4266 4575 4645 4681 4757 4897 4924 5005 5361 5792 6035 6192 6230 6241 6401 6832 6889 7180 7302 7325 7575 7603 7695 7788 7854 8026 8168 8323 8433 16531 16540 16547 16576 16583 16588 16589 16609 16631 16632 16661 16675 16690 16699 16700 16704 16734 16735 16739 16740 16741 16745 16756 16768 16779 16781 16789 16799 16811 16823 16830 16847 16854 16866 16883 16884 16887 16893 16899 16916 16924 16925 16941 16942 16943 16948 16957 16963 16966 16973 16984 16990 16996 17007 17015 17021 17030 17039 17040 17065 17068 17069 17077 17095 17096 17105 17127 17142 17161 17182 17190 17205 17216 17222 17223 17243 17272 17290 17313 17330 17332 17346 17361 17411 17469 19246 19248 19295 19299 19300 19305 19306 
	}
	weather={
		period={
			between={ 0.0 30.0 }
			temperature={ -10.0 35.0 }
			no_phenomenon=1.500
			rain_light=0.250
			rain_heavy=0.100
			snow=0.000
			blizzard=0.000
			arctic_water=0.000
			mud=0.000
			sandstorm=0.000
			min_snow_level=0.000
		}
	}
}
