
strategic_region={
	id=200
	name="STRATEGICREGION_200"
	provinces={
		39 262 585 698 912 1057 1217 1978 2067 2145 2221 2299 2332 2621 2720 2814 2920 2940 3222 3482 3493 3922 3962 4160 4326 4422 4434 4662 4951 4997 5597 6466 6757 6952 6999 7135 7504 7606 7607 7625 7630 7651 7825 7958 8712 8721 8726 8757 8766 8772 8776 8790 8801 8811 8816 8821 8842 8843 8855 8874 8885 8911 8937 8982 8987 9001 9024 9039 9054 9060 9066 9086 9096 9097 9168 9177 9183 9218 9219 9234 9263 9269 9272 9279 9290 9300 9316 9324 9349 18567 18569 18585 18591 18598 18615 26597 26629 
	}
	weather={
	}
}
