
strategic_region={
	id=202
	name="STRATEGICREGION_202"
	provinces={
		96 284 490 801 875 1109 1179 1330 1338 1400 1452 1700 1803 1835 2039 2245 2569 2672 2782 3156 3335 3693 3993 4111 4193 4213 4651 4759 4857 4929 5130 5145 5912 5978 5991 6026 6171 6194 6201 6257 6584 6712 6723 7060 7171 7198 7342 7375 7473 7961 8068 8145 8175 8246 8417 8505 9082 9087 9121 9122 9169 9197 9214 9250 9260 9270 9274 9298 9301 9302 9309 9329 9331 9332 9335 9350 9351 9390 9404 9405 9411 9426 9451 9452 9453 9458 9463 9473 9481 9492 9506 9513 9524 9530 9540 9544 9549 9553 9594 9595 9601 9602 9618 9634 9636 9637 9661 9671 9679 9691 9705 9716 9726 9734 9744 9761 9773 9791 9795 9802 9803 9815 9820 9821 9878 18641 18643 26598 
	}
	weather={
	}
}
