
strategic_region={
	id=203
	name="STRATEGICREGION_203"
	provinces={
		304 522 758 1485 1789 2118 2408 2628 2656 2706 3366 3411 5833 5843 5885 6166 6180 6294 6896 7480 9902 9907 9915 9921 9922 9941 9978 10002 10006 10039 10058 10064 10084 10085 10091 10092 10114 10128 10132 10138 10162 10168 10175 10193 10211 10218 18673 18681 18689 25007 
	}
	weather={
		period={
			between={ 0.0 30.0 }
			temperature={ -10.0 35.0 }
			no_phenomenon=1.500
			rain_light=0.250
			rain_heavy=0.100
			snow=0.000
			blizzard=0.000
			arctic_water=0.000
			mud=0.000
			sandstorm=0.000
			min_snow_level=0.000
		}
	}
}
