
strategic_region={
	id=204
	name="STRATEGICREGION_204"
	provinces={
		102 18731 102 324 394 413 555 765 828 868 881 945 1093 1420 1570 1772 1776 1782 1824 1868 2077 2124 2136 2141 2166 2403 2574 2601 2638 2644 2658 2709 2727 2777 2789 2885 2911 2974 3095 3285 3360 3362 3549 3680 4057 4106 4117 4132 4199 4318 4404 4423 4638 4721 4747 4887 4899 4910 5052 5090 5104 5218 5310 5530 5589 5618 5827 5899 6117 6285 6422 6516 6663 6837 7102 7234 7251 7273 7493 7645 7671 7718 7806 7815 7880 7943 7987 8115 8230 8429 10189 10219 10234 10241 10271 10272 10281 10309 10325 10326 10336 10344 10363 10376 10377 10386 10396 10439 10444 10453 10476 10483 10506 10511 10519 10525 10538 10539 10553 10556 10564 10565 10580 10593 10609 10610 10633 10639 10640 10659 10660 10664 10674 10675 10686 10699 10700 10701 10712 10719 10749 10756 10758 10765 10771 10774 10808 10809 10810 10823 10824 10837 10840 10887 10895 10903 10915 10936 10944 10959 10966 10974 10983 10992 10993 11011 11020 11023 11053 11089 11090 11131 11149 11170 11171 11187 11212 18684 18720 18732 18736 18740 18742 18752 
	}
	weather={
	}
}
