
strategic_region={
	id=205
	name="STRATEGICREGION_205"
	provinces={
		94 243 292 412 422 746 768 970 1119 1435 1605 1648 1735 1811 1869 1928 2153 2280 2338 2400 2407 2497 2534 2552 2912 2945 3074 3096 3176 3181 3512 3518 3589 3654 3804 3896 3972 4007 4167 4240 4303 4417 4426 4427 4609 4619 4742 4819 4937 4970 5047 5190 5394 5712 6108 6345 6349 6440 6446 6451 6541 6635 6675 6691 6767 6782 6860 7062 7228 7363 7491 7618 8121 9412 9507 9514 9534 9542 9550 9554 9590 9596 9619 9627 9638 9649 9686 9693 9706 9707 9712 9717 9736 9740 9754 9756 9762 9768 9779 9798 9804 9808 9809 9810 9816 9824 9827 9843 9861 9866 9872 9885 9889 9903 9908 9942 9945 9951 9952 9984 9985 9986 9998 10016 10019 10026 10036 10040 10050 10059 10065 10080 10086 10097 10107 10129 10133 10145 10158 10159 10163 10169 10178 10179 10198 10203 10215 10230 10255 10256 10257 10263 10275 10290 10307 10308 10323 10340 18635 18667 
	}
	weather={
		period={
			between={ 0.0 30.0 }
			temperature={ -10.0 35.0 }
			no_phenomenon=1.500
			rain_light=0.250
			rain_heavy=0.100
			snow=0.000
			blizzard=0.000
			arctic_water=0.000
			mud=0.000
			sandstorm=0.000
			min_snow_level=0.000
		}
	}
}
