
strategic_region={
	id=208
	name="STRATEGICREGION_208"
	provinces={
		150 197 327 633 930 1142 1432 1524 1564 1644 1736 1799 1920 2261 2363 2503 2880 3016 3858 3891 3921 4042 4261 4499 4633 4709 4786 4838 4879 4912 5064 5086 5112 5138 5300 5393 5606 5640 6233 6391 6657 6669 6765 6863 6873 6949 7076 7957 8232 8260 8562 11289 11371 11380 11381 11403 11428 11433 11440 11449 11450 11465 11477 11478 11484 11489 11498 11507 11508 11518 11525 11526 11527 11532 11548 11552 11553 11560 11561 11564 11576 11585 11590 11598 11599 11605 11612 11620 11631 11635 11641 11646 11647 11653 11661 11673 11700 11722 11734 11747 11751 11754 11760 11761 11762 11777 11790 11798 11799 11832 
	}
	weather={
		period={
			between={ 0.0 30.0 }
			temperature={ -10.0 35.0 }
			no_phenomenon=1.500
			rain_light=0.250
			rain_heavy=0.100
			snow=0.000
			blizzard=0.000
			arctic_water=0.000
			mud=0.000
			sandstorm=0.000
			min_snow_level=0.000
		}
	}
}
