
strategic_region={
	id=210
	name="STRATEGICREGION_210"
	provinces={
		107 141 265 511 576 682 834 892 979 1164 1468 1484 1544 1550 1753 1819 1907 1916 2026 2087 2220 2236 2248 2255 2359 2695 2764 2889 2890 3034 3055 3070 3205 3290 3381 3422 3548 4030 4039 4066 4140 4176 4274 4507 4513 4751 4825 4839 4946 4961 5058 5140 5230 5236 5362 5372 5380 5449 5579 5633 5726 5850 5911 5947 6059 6197 6354 6393 6481 6557 6604 6745 6861 6938 6944 6951 7055 7067 7192 7418 7708 7797 7873 8167 8202 8294 8375 8425 8494 8572 10341 10348 10356 10362 10367 10375 10414 10418 10419 10428 10437 10443 10452 10468 10475 10481 10482 10496 10503 10504 10505 10509 10510 10532 10546 10552 10555 10578 10579 10592 10597 10608 10621 10627 10637 10638 10652 10658 10673 10682 10694 10735 10736 10737 10754 10755 10764 10781 10782 10787 10793 10806 10807 10814 10829 10834 10835 10836 10854 10860 10881 10886 10888 10914 10926 10935 10941 10947 10951 10962 10991 10999 11022 11052 11059 11075 11141 11148 11169 11190 11198 11205 11261 11270 11285 11306 11319 11333 11360 18725 18744 26607 26644 
	}
	weather={
	}
}
