
strategic_region={
	id=211
	name="STRATEGICREGION_211"
	provinces={
		156 1047 1510 1915 1937 1969 2781 3379 3570 4769 4906 5011 5207 5573 6080 6170 6223 6427 7057 7235 7309 7936 8024 10254 10306 10321 10322 10335 10347 10355 10373 10374 10382 10385 10392 10406 10427 10436 10451 10462 10474 10480 10502 10518 10523 10531 10554 10570 10577 10591 10596 10607 10620 10626 10645 10651 10668 10672 10685 10748 10773 10797 10798 10849 10866 10867 10894 10902 10908 10909 10940 10973 10989 10990 11019 18709 18715 
	}
	weather={
		period={
			between={ 0.0 30.0 }
			temperature={ -10.0 35.0 }
			no_phenomenon=1.500
			rain_light=0.250
			rain_heavy=0.100
			snow=0.000
			blizzard=0.000
			arctic_water=0.000
			mud=0.000
			sandstorm=0.000
			min_snow_level=0.000
		}
	}
}
