
strategic_region={
	id=212
	name="STRATEGICREGION_212"
	provinces={
		98 277 630 798 925 1209 1300 1413 1507 1707 2375 2571 2761 2887 2905 3230 3403 3550 4185 4312 4514 4896 5057 5203 5420 5538 5777 6272 6417 6576 7282 7465 7622 7809 8288 8329 11045 11079 11086 11116 11122 11123 11140 11153 11178 11195 11204 11246 11260 11269 11284 11295 11298 11301 11303 11311 11318 11328 11332 11347 11374 11402 11411 11414 11421 11427 11453 11454 11479 11497 11516 11517 11524 26648 
	}
	weather={
		period={
			between={ 0.0 30.0 }
			temperature={ -10.0 35.0 }
			no_phenomenon=1.500
			rain_light=0.250
			rain_heavy=0.100
			snow=0.000
			blizzard=0.000
			arctic_water=0.000
			mud=0.000
			sandstorm=0.000
			min_snow_level=0.000
		}
	}
}
