
strategic_region={
	id=214
	name="STRATEGICREGION_214"
	provinces={
		353 506 602 638 1193 1927 2596 2744 2886 2960 3233 3469 3742 4144 4652 5085 5924 6046 6100 6594 6719 7120 7149 7310 7407 7540 7648 7689 7857 8072 8099 8332 8373 10054 10063 10083 10103 10113 10131 10137 10167 10197 10210 10214 10289 10320 10351 10354 10381 10400 10401 10435 10449 10456 10461 10467 10472 10488 10489 10495 10516 10517 10522 10536 10550 10551 10561 10585 10589 10614 10619 10654 10667 18698 18708 
	}
	weather={
		period={
			between={ 0.0 30.0 }
			temperature={ -10.0 35.0 }
			no_phenomenon=1.500
			rain_light=0.250
			rain_heavy=0.100
			snow=0.000
			blizzard=0.000
			arctic_water=0.000
			mud=0.000
			sandstorm=0.000
			min_snow_level=0.000
		}
	}
}
