
strategic_region={
	id=218
	name="STRATEGICREGION_218"
	provinces={
		2 67 146 244 882 1363 1443 1698 1703 1890 1982 2051 2097 2267 2300 2308 2522 2531 2721 2842 3000 3528 3943 4062 4351 4472 4481 4596 4684 4734 4797 4856 4888 5030 5105 5166 5352 5824 5940 5945 5955 6037 6103 6298 6316 6366 6559 6724 6858 7044 7239 7255 7542 7659 7826 7895 7909 7910 7937 8002 8322 8385 8410 8463 8474 8488 8986 9046 9065 9076 9081 9085 9113 9120 9128 9132 9137 9140 9143 9153 9163 9166 9167 9174 9181 9182 9193 9196 9202 9206 9207 9213 9222 9223 9226 9239 9247 9248 9249 9253 9254 9268 9273 9288 9289 9292 9304 9306 9314 9315 9323 9333 9337 9348 9358 9367 9368 9370 9378 9384 9385 9386 9403 9417 9420 9424 9425 9433 9450 9462 9479 9480 9490 9500 9510 9523 9528 9533 9548 9560 9561 9589 9610 9633 9653 18606 18613 18614 18620 18633 26632 26632 26633 26633 26634 26634 
	}
	weather={
	}
}
