
strategic_region={
	id=219
	name="STRATEGICREGION_219"
	provinces={
		147 341 577 947 1491 1525 1899 2090 2193 2532 2548 2617 2787 3060 3142 3224 3443 3974 4216 4246 4267 4614 4643 4686 4755 4842 5045 5147 5749 5932 6488 6498 6560 6623 6813 7009 7110 7195 7429 7476 7585 7837 8132 8330 8592 8593 8594 8595 8596 8597 8598 8599 8600 8601 8626 8629 8641 8642 8650 8657 8661 8662 8663 8678 8679 8690 8695 8733 8740 8753 8771 8782 8783 8788 8789 8806 8827 8830 8836 8848 8849 8854 8873 8881 8890 8901 8902 8903 8920 8921 8933 8934 8943 8964 8980 8991 8995 9034 
	}
	weather={
		period={
			between={ 0.0 30.0 }
			temperature={ -10.0 35.0 }
			no_phenomenon=1.500
			rain_light=0.250
			rain_heavy=0.100
			snow=0.000
			blizzard=0.000
			arctic_water=0.000
			mud=0.000
			sandstorm=0.000
			min_snow_level=0.000
		}
	}
}
