
strategic_region={
	id=220
	name="STRATEGICREGION_220"
	provinces={
		57 76 168 200 204 349 381 669 756 960 1006 1091 1135 1220 1250 1362 1368 1513 1521 1606 1619 1665 1709 1798 1817 1829 1881 1894 2062 2064 2079 2204 2212 2312 2434 2459 2474 2498 2553 2570 2580 2626 2629 2654 2678 2746 2791 2803 2931 3044 3103 3110 3126 3138 3179 3311 3675 3702 3818 3834 3856 3860 3946 3961 4034 4053 4072 4197 4207 4244 4268 4276 4288 4292 4372 4390 4455 4478 4493 4504 4519 4530 4720 4779 4812 4965 4982 4983 5093 5312 5437 5481 5510 5536 5676 5784 5807 5808 5834 5884 5898 5915 5957 5989 6034 6179 6238 6374 6392 6412 6424 6442 6507 6546 6588 6602 6647 6734 6737 6848 6904 6961 6966 7020 7063 7089 7153 7178 7241 7479 7551 7668 7679 7688 7725 7770 7793 7885 8056 8073 8158 8245 8271 8487 12192 12201 12222 12238 12249 12258 12275 12288 12298 12299 12303 12308 12312 12313 12327 12333 12334 12337 12338 12343 12344 12348 12349 12360 12361 12368 12378 12379 12380 12383 12389 12390 12407 12410 12411 12412 12415 12416 12421 12424 12425 12427 12431 12436 12437 12442 12445 12456 12465 12466 12467 12473 12475 12488 12493 12502 12510 12515 12516 12521 12522 12528 12532 12540 12545 12548 12549 12550 12560 12561 12572 12587 12588 12607 12614 12615 12616 12622 12625 12629 12640 12642 12643 12644 12654 12659 12660 12661 12669 12681 12687 12688 12698 12713 12717 12729 12730 12737 12743 12750 12751 12752 12757 12760 12761 12775 12782 12787 12789 12790 12799 12808 12823 12824 12850 12855 12864 12878 12890 12893 12901 12932 12933 12939 12940 12985 12989 12992 13005 13007 13019 13024 13025 13049 13060 13066 13079 13097 13098 13110 13126 13131 13135 13155 13170 13172 13178 13179 13185 13186 13194 13195 13205 13227 13244 13267 16442 18876 18898 18905 18906 18911 18913 18923 18925 18928 18931 18932 18940 18958 26620 26624 
	}
	weather={
	}
}
