
strategic_region={
	id=221
	name="STRATEGICREGION_221"
	provinces={
		45 123 167 238 298 357 593 618 705 710 727 778 809 849 950 1126 1240 1243 1260 1305 1312 1322 1604 1723 1745 1908 1981 2034 2101 2104 2119 2314 2341 2395 2413 2598 2610 2627 2665 2767 2775 2808 3075 3141 3204 3252 3270 3276 3284 3336 3358 3392 3523 3626 3633 3652 3722 3782 3807 3828 3870 3977 4060 4091 4272 4306 4316 4350 4510 4537 4708 4788 4800 4920 4969 5101 5110 5134 5200 5257 5327 5371 5399 5512 5728 5799 5819 6153 6174 6330 6372 6386 6542 6648 6739 6913 6919 7086 7240 7311 7421 7431 7446 7556 7604 7655 7658 7728 7849 7977 7989 8150 8362 8517 8538 11973 11985 12011 12028 12036 12041 12042 12053 12062 12065 12066 12087 12088 12101 12102 12111 12124 12132 12136 12137 12138 12139 12156 12166 12167 12170 12171 12172 12177 12190 12191 12205 12206 12207 12208 12221 12226 12235 12236 12237 12240 12244 12255 12261 12269 12270 12272 12273 12274 12279 12280 12281 12282 12286 12287 12302 12307 12311 12317 12318 12325 12326 12335 12336 12342 12347 12352 12353 12359 12365 12370 12371 12374 12375 12377 12388 12393 12398 12405 12406 12409 12440 12441 12450 12454 12455 12460 12464 12472 12479 12480 12481 12482 12483 12495 12496 12506 12513 12514 12527 12531 12539 12544 12554 12558 12559 12568 12569 12583 12584 12594 12595 12596 12603 12613 12621 12639 12641 12691 12692 12697 12702 12706 12707 12734 12749 12756 12774 18868 18882 18892 26611 
	}
	weather={
	}
}
