
strategic_region={
	id=222
	name="STRATEGICREGION_222"
	provinces={
		6 288 296 348 427 435 521 552 571 769 855 872 887 906 1001 1139 1196 1267 1376 1423 1447 1577 1785 1917 2108 2165 2202 2258 2358 2442 2496 2560 2605 2615 2712 2881 2884 3077 3081 3296 3405 3492 3522 3700 3835 3908 4397 4406 4428 4471 4503 4540 4612 4716 4958 5017 5172 5388 5432 5502 5526 5636 5782 5798 5848 5873 5918 5942 5970 6024 6114 6313 6583 6595 6787 6865 6926 7041 7073 7254 7284 7331 7337 7432 7448 7478 7681 7699 7731 7733 7839 7877 7913 8005 8060 8176 8317 8422 8447 8454 8495 12680 12728 12739 12740 12781 12786 12793 12794 12795 12803 12807 12815 12820 12821 12822 12846 12847 12863 12869 12877 12889 12900 12903 12904 12905 12912 12913 12914 12931 12947 12948 12951 12957 12958 12962 12967 12988 12991 13016 13017 13018 13028 13048 13059 13091 13095 13096 13119 13130 13145 13146 13161 13177 13184 13192 13193 13199 13209 13226 13236 13237 13242 13243 13248 13249 13259 13266 13274 13278 13291 13292 13296 13297 13301 13302 13322 13327 13330 13348 13357 13362 13363 13370 13373 13380 13390 13396 13421 13427 13436 13453 13520 13534 13543 13544 13553 13601 13611 13667 13668 13689 13717 13758 13759 13771 13804 18947 18952 18954 18960 18965 18966 
	}
	weather={
		period={
			between={ 0.0 30.0 }
			temperature={ -10.0 35.0 }
			no_phenomenon=1.500
			rain_light=0.250
			rain_heavy=0.100
			snow=0.000
			blizzard=0.000
			arctic_water=0.000
			mud=0.000
			sandstorm=0.000
			min_snow_level=0.000
		}
	}
}
