
strategic_region={
	id=223
	name="STRATEGICREGION_223"
	provinces={
		227 228 256 445 486 539 565 717 744 872 911 1024 1035 1131 1180 1378 1431 1492 1608 2259 2406 2590 2738 2740 2747 2794 2967 3339 3514 3719 3731 3749 3765 3920 4192 4293 4693 4705 4829 4901 5043 5071 5146 5164 5514 5540 5612 5878 5982 6005 6464 6529 6740 6931 7422 7424 7520 7599 7924 7994 8067 8188 8539 8542 13298 13312 13374 13416 13428 13465 13486 13491 13512 13522 13541 13554 13605 13635 13638 13659 13660 13690 13709 13725 13735 13736 13751 13758 13772 13783 13796 13797 13804 13805 13814 13817 13833 13835 13847 13852 13853 13860 13863 13888 13889 13891 13892 13902 13912 13913 13922 13926 13935 13941 13974 13991 13992 13993 14017 14041 14047 14063 14064 14071 14075 14079 14080 14081 14085 14112 14117 14124 14130 14131 14158 14171 14192 14193 14197 14216 14223 14312 14330 14353 14401 14438 14479 14529 
	}
	weather={
		period={
			between={ 0.0 30.0 }
			temperature={ -10.0 35.0 }
			no_phenomenon=1.500
			rain_light=0.250
			rain_heavy=0.100
			snow=0.000
			blizzard=0.000
			arctic_water=0.000
			mud=0.000
			sandstorm=0.000
			min_snow_level=0.000
		}
	}
}
