
strategic_region={
	id=224
	name="STRATEGICREGION_224"
	provinces={
		152 308 359 461 467 617 695 734 747 791 1361 1428 1532 1674 1693 1793 2029 2149 2386 2582 2756 3400 3774 3855 3880 3882 4078 4097 4333 4368 4536 4672 4967 5123 5376 5492 5533 5660 5671 5686 5695 5706 5707 5823 5845 5856 5865 5998 6175 6190 6247 6317 6384 6437 6553 6895 6921 7237 7248 7385 7804 8120 8149 8367 9391 9407 9422 9439 9446 9455 9459 9468 9484 9493 9502 9509 9511 9521 9536 9545 9551 9555 9558 9564 9576 9581 9582 9588 9598 9599 9600 9605 9611 9615 9626 9639 9646 9652 9657 9658 9664 9673 9677 9684 9689 9699 9700 9709 9710 9713 9730 9731 9733 9738 9746 9747 9748 9753 9775 9776 9783 9784 9825 9830 9834 9836 9845 9854 9863 9865 9868 9875 9876 9882 9887 9895 9906 9917 9930 9931 9936 9965 9981 9990 9992 9995 10043 
	}
	weather={
	}
}
