
strategic_region={
	id=225
	name="STRATEGICREGION_225"
	provinces={
		160 340 360 657 805 932 954 1237 1580 1600 1661 1957 2180 2287 2345 2476 2526 3078 3225 3417 3519 4035 4098 4119 4154 4300 4466 4802 4945 5143 5152 5464 5785 6079 6267 6312 6656 6768 6790 7177 7256 7271 7277 7354 7477 7522 7635 7834 7858 8529 8568 9891 9896 9897 9937 9982 9996 10008 10009 10024 10045 10046 10047 10053 10061 10067 10081 10088 10089 10108 10109 10110 10117 10130 10148 10173 10176 10182 10183 10190 10221 10226 10233 10235 10236 10239 10243 10251 10282 10285 10286 10295 10296 10302 10314 10328 10329 10333 10337 10364 10365 10397 10411 10431 10432 10493 18700 18703 18719 
	}
	weather={
	}
}
