
strategic_region={
	id=226
	name="STRATEGICREGION_226"
	provinces={
		35 110 443 528 716 1293 1436 1668 1897 1989 2285 2825 2872 2893 3020 3045 3196 3587 3741 3817 4037 4087 4227 4438 4529 4589 4994 5103 6028 6083 6202 6660 6882 6886 6908 7103 8083 8352 8426 8671 8847 8858 8895 8972 9011 9012 9023 9038 9053 9058 9079 9106 9107 9118 9119 9131 9138 9139 9148 9149 9158 9159 9162 9165 9190 9208 9230 9231 9232 9259 9267 9277 9297 9317 9342 9366 9375 9383 9394 9395 9423 9431 9432 9440 9466 9472 9476 9487 9488 9489 9496 9505 9517 9518 9527 9538 9559 9568 9631 9678 9702 18570 18572 18573 18574 18580 18582 18583 18622 18627 
	}
	weather={
		period={
			between={ 0.0 30.0 }
			temperature={ -10.0 35.0 }
			no_phenomenon=1.500
			rain_light=0.250
			rain_heavy=0.100
			snow=0.000
			blizzard=0.000
			arctic_water=0.000
			mud=0.000
			sandstorm=0.000
			min_snow_level=0.000
		}
	}
}
