
strategic_region={
	id=227
	name="STRATEGICREGION_227"
	provinces={
		127 144 322 389 468 592 647 730 735 780 1013 1259 1331 1332 1383 1553 1945 1956 2319 2370 2634 2688 3001 3073 3160 3167 3621 3627 3784 3851 3991 4330 4657 4722 4790 5115 5167 5256 5306 5551 5556 6073 6078 6501 6515 6575 6973 7068 7072 7319 7339 7388 7916 7985 8138 8174 8480 8540 8543 8587 8588 8624 8627 8630 8639 8656 8667 8672 8673 8676 8689 8694 8704 8720 8725 8747 8750 8751 8752 8764 8765 8787 8797 8805 8810 8815 8826 8829 8834 8835 8869 8880 8883 8889 8896 8918 8932 8936 8940 8941 8942 8948 8949 8961 8978 8979 8985 8994 9013 9029 9033 9073 9080 9093 9100 9112 9155 9173 9191 9192 9200 9233 9246 9278 9283 9284 9313 9336 9343 9363 9376 9409 9413 9441 9449 18563 18568 18634 18636 18639 26595 26596 
	}
	weather={
	}
}
