
strategic_region={
	id=228
	name="STRATEGICREGION_228"
	provinces={
		63 77 92 153 180 218 414 450 624 650 679 680 724 732 848 938 981 988 1120 1203 1373 1374 1667 1692 1722 1825 2009 2053 2112 2129 2142 2155 2159 2241 2273 2323 2362 2494 2519 2770 2788 2832 2850 2876 2978 3083 3094 3206 3214 3289 3384 3640 3653 3706 3832 4004 4063 4163 4297 4443 4541 4706 4799 4826 4870 4875 4926 4964 5121 5192 5269 5281 5321 5346 5454 5549 5615 5634 5727 5916 5969 5983 5997 6091 6145 6148 6206 6224 6246 6297 6324 6419 6482 6540 6571 6616 6644 6827 6885 6964 6965 6970 6984 7174 7398 7523 7553 7590 7610 7931 7995 8104 8107 8241 8251 8306 8443 8550 8556 8577 8578 8579 8580 8581 8582 8583 8584 8585 8586 8635 8636 8637 8638 8655 8660 8670 8675 8682 8683 8688 8693 8703 8709 8710 8711 8718 8719 8724 8730 8731 8732 8734 8735 8744 8745 8749 8756 8763 8770 8779 8780 8781 8794 8795 8796 8799 8800 8803 8804 8808 8809 8819 8820 8825 8832 8833 8840 8841 8846 8863 8867 8868 8878 8879 8882 8887 8888 8894 8899 8900 8907 8908 8916 8928 8935 8963 8965 8966 8971 8975 8976 8977 9000 9005 9018 9019 9022 9026 9027 9028 9044 9045 9062 9063 9064 9070 9071 9091 9092 9095 9098 9099 9102 9103 9104 9105 9126 9127 9130 9142 9146 9147 9152 9154 9172 9186 9187 9189 9199 9212 9217 9229 9244 9245 9275 9276 9287 9291 9308 9312 9365 9369 9374 18566 18571 18577 18586 18589 26628 26631 
	}
	weather={
	}
}
