
strategic_region={
	id=229
	name="STRATEGICREGION_229"
	provinces={
		36 166 199 295 331 345 398 403 418 597 751 840 922 986 993 1042 1257 1309 1325 1385 1412 1424 1453 1454 1617 1756 1844 1859 2005 2068 2074 2183 2385 2456 2520 2528 2640 2996 3093 3118 3122 3385 3439 3520 3554 3705 3745 3819 3846 3927 3944 3970 3973 4479 4485 4500 4542 4547 4602 4687 4753 4780 4869 4916 4933 5014 5018 5141 5278 5347 5355 5414 5446 5534 5550 5776 5921 6012 6066 6089 6125 6130 6149 6363 6494 6664 6713 6750 7185 7387 7456 7492 7853 7917 7976 8017 8028 8034 8065 8224 8446 8545 8565 8778 8814 8845 8862 8872 8898 8915 8924 8925 8926 8947 8954 8958 8960 8962 8969 8970 8974 8990 8993 8999 9010 9017 9032 9043 9052 9061 9069 9078 9084 9090 9111 9125 9129 9141 9151 9157 9160 9171 9176 9180 9184 9185 9195 9198 9203 9204 9205 9211 9216 9220 9221 9225 9227 9228 9235 9237 9238 9243 9251 9252 9256 9257 9258 9261 9262 9265 9266 9271 9281 9282 9285 9286 9294 9295 9296 9303 9305 9311 9320 9321 9322 9325 9326 9327 9339 9340 9345 9346 9354 9355 9356 9361 9362 9371 9372 9373 9380 9381 9388 9392 9398 9399 9400 9418 9429 9436 9437 9438 9447 9465 9469 9474 9475 9477 9494 9512 9525 9546 9565 9573 9577 9578 9583 9606 9616 9621 9629 9669 18631 18632 25150 26613 
	}
	weather={
	}
}
