
strategic_region={
	id=23
	name="STRATEGICREGION_23"
	provinces={
		82 134 164 171 270 456 509 518 542 573 580 591 886 969 1071 1148 1339 1347 1522 1542 1628 1851 1888 1987 2217 2229 2463 2502 2622 2693 2704 3133 3272 3274 3342 3408 3465 3585 3703 3836 3838 3848 3976 4186 4358 4391 4396 4622 5008 5041 5116 5220 5262 5358 5430 5846 5866 6447 6642 6686 7116 7121 7156 7292 7320 7362 7391 7428 7638 7692 7974 8078 8106 8141 8225 8277 8334 8363 8387 8404 12061 12093 12122 12142 12154 12160 12175 12197 12199 12200 12214 12225 12230 12233 12234 12239 12247 12252 12259 12265 12291 12293 12306 12315 12322 12340 12356 12363 12366 12372 12373 12391 12392 12396 12397 12402 12403 12408 12417 12422 12423 12428 12435 12439 12444 12452 12458 12461 12469 12474 12477 12486 12490 12498 12504 12505 12509 12524 12536 12537 12551 12552 12553 12556 12562 12577 12578 12580 12600 12601 12608 12632 12636 12637 12650 12662 12671 12682 12695 12700 12704 12715 12719 12742 12746 12764 12800 12835 18872 18886 18893 18910 18917 18921 18927 
	}
	weather={
	}
}
