
strategic_region={
	id=231
	name="STRATEGICREGION_231"
	provinces={
		1058 1651 1964 2349 2471 3107 3145 3692 3895 4913 5897 6522 6677 6872 7126 8309 11814 11846 11847 11865 11887 11981 11990 12001 12014 12064 12135 12162 12204 12295 18810 18816 18832 18834 18838 18840 18847 18848 18849 18860 18865 18874 19612 19634 19716 19863 20037 20083 20148 20243 20456 20568 20789 20823 20977 21042 21145 21173 21486 21496 21589 21766 21853 22026 22155 22175 22279 22337 22416 22460 22474 22536 22659 22667 22748 22812 22823 22833 22840 22844 23050 23132 23261 23327 23342 23379 23424 23439 23470 23474 23589 23705 23834 23920 24008 24049 24141 24156 24241 24318 24376 24453 24649 24756 24764 25482 25491 25495 25501 25504 25530 25532 25545 25568 25579 25582 25595 25598 25606 25612 25622 25625 25630 25645 25653 25675 25679 25681 25682 25691 25693 25696 25704 25709 25719 25725 25741 26604 
	}
	naval_terrain=water_fjords
	weather={
		period={
			between={ 0.0 30.0 }
			temperature={ -10.0 35.0 }
			no_phenomenon=1.500
			rain_light=0.250
			rain_heavy=0.100
			snow=0.000
			blizzard=0.000
			arctic_water=0.000
			mud=0.000
			sandstorm=0.000
			min_snow_level=0.000
		}
	}
}
