
strategic_region={
	id=232
	name="STRATEGICREGION_232"
	provinces={
		6670 11690 18808 18815 18821 20202 20428 20745 20937 21417 21568 21601 22042 22138 22159 22239 22272 22575 22875 22932 22958 23032 23068 23085 23304 23330 23407 23442 23502 23613 23756 23763 23770 23784 23853 23938 24111 24260 24388 24474 24601 24783 24932 25431 25436 25455 25459 25474 25488 25489 25517 25518 25523 25527 25539 25547 25550 25562 25575 25578 25580 25597 25608 25609 25637 
	}
	naval_terrain=water_deep_ocean
	weather={
		period={
			between={ 0.0 30.0 }
			temperature={ -10.0 35.0 }
			no_phenomenon=1.500
			rain_light=0.250
			rain_heavy=0.100
			snow=0.000
			blizzard=0.000
			arctic_water=0.000
			mud=0.000
			sandstorm=0.000
			min_snow_level=0.000
		}
	}
}
