
strategic_region={
	id=233
	name="STRATEGICREGION_233"
	provinces={
		253 639 854 1161 1514 2482 2493 2990 3726 4210 4348 5154 5570 5930 6135 6151 6164 6178 6331 6714 7351 7384 8204 8372 8477 11595 11708 11730 11737 11756 11989 12000 12010 12040 12073 12077 12078 12081 12086 12100 12110 12114 12115 12119 12120 12126 12131 12143 12147 12149 12150 12155 12161 12165 12169 12176 12185 12187 12210 12211 12217 12242 12243 12260 12266 12278 12316 18792 18798 18799 18813 18818 18822 18829 18831 18852 18854 18857 18859 18863 19559 19627 19643 20065 20073 20391 20392 20499 20510 20532 20542 20551 20654 20732 20744 20805 21017 21144 21281 21366 21513 21755 21848 21850 22057 22229 22391 22400 22428 22515 22559 22564 22579 22606 22639 22660 22662 22709 22716 22749 22983 22984 23170 23179 23195 23203 23311 23378 23390 23428 23480 23493 23618 23624 23778 23858 23866 23967 23989 24041 24182 24245 24535 24597 24666 24686 24738 24768 24826 24856 24893 24915 25050 25391 25396 25401 25403 25409 25419 25443 25447 25454 25461 25464 25467 25469 25483 25484 25497 25500 25503 25506 25510 25522 25536 25543 25546 25548 25549 25559 25560 25564 25566 25570 25574 25592 25615 25616 25618 25623 
	}
	naval_terrain=water_deep_ocean
	weather={
	}
}
