
strategic_region={
	id=234
	name="STRATEGICREGION_234"
	provinces={
		1056 1187 1285 1778 2278 2420 4113 4281 4439 4723 4783 5337 5409 5876 6486 6985 7799 8140 8502 12231 12267 12268 12285 12301 12324 12358 12364 12367 12386 12394 12404 12420 12429 12430 12449 12453 12459 12470 12471 12489 12500 12530 12582 12701 12721 12747 12779 12784 18877 18879 18894 18897 18900 18908 18916 19410 19495 19987 19990 20248 20305 20475 20528 20535 20660 20819 20934 20960 21062 21129 21209 21350 21352 21413 21473 21600 21805 21908 21942 21952 22256 22343 22356 22414 22419 22467 22526 22841 22853 22993 23220 23274 23347 23591 23601 23623 23630 23637 23710 23775 23825 23875 23932 24036 24062 24107 24119 24341 24369 24373 24375 24481 24523 24544 24693 24728 24846 24858 24901 24927 25650 25665 25669 25672 25690 25703 25707 25722 25724 25726 25730 25737 25757 25758 25761 25775 25779 25784 25788 25802 25818 
	}
	naval_terrain=water_fjords
	weather={
		period={
			between={ 0.0 30.0 }
			temperature={ -10.0 35.0 }
			no_phenomenon=1.500
			rain_light=0.250
			rain_heavy=0.100
			snow=0.000
			blizzard=0.000
			arctic_water=0.000
			mud=0.000
			sandstorm=0.000
			min_snow_level=0.000
		}
	}
}
