
strategic_region={
	id=235
	name="STRATEGICREGION_235"
	provinces={
		19436 19796 19836 19940 20072 20214 20231 20235 20287 20340 20569 20964 21255 21259 21777 21882 22307 22308 22456 22624 22936 23026 23055 23066 23117 23148 23285 23340 23375 23389 23457 23576 23647 23669 23711 23742 23903 23936 23954 24117 24136 24332 24348 24356 24377 24440 24607 24648 24654 24713 24751 24896 24934 24959 25004 25604 25626 25634 25636 25638 25670 25677 25687 25694 25697 25733 25744 25776 25794 25799 25808 25823 25836 
	}
	naval_terrain=water_shallow_sea
	weather={
	}
}
