
strategic_region={
	id=236
	name="STRATEGICREGION_236"
	provinces={
		19357 19582 19803 19867 20344 20382 20558 20842 21279 21289 21403 21510 21554 21655 21692 22007 22037 22385 22421 22570 22616 22819 22861 22987 23041 23045 23175 23206 23253 23312 23381 23388 23392 23403 23856 24029 24039 24099 24183 24554 24622 24739 24864 24887 24938 24977 25613 25689 25701 25713 25750 25766 25773 25786 25795 25811 25833 25847 25856 25858 25865 25867 
	}
	naval_terrain=water_shallow_sea
	weather={
		period={
			between={ 0.0 30.0 }
			temperature={ -10.0 35.0 }
			no_phenomenon=1.500
			rain_light=0.250
			rain_heavy=0.100
			snow=0.000
			blizzard=0.000
			arctic_water=0.000
			mud=0.000
			sandstorm=0.000
			min_snow_level=0.000
		}
	}
}
