
strategic_region={
	id=237
	name="STRATEGICREGION_237"
	provinces={
		10413 10471 18645 18648 18655 18656 18659 18660 18665 18666 18668 18674 18675 18676 18678 18685 18690 18707 19491 19571 19888 19998 20035 20039 20044 20252 20260 20261 20625 20670 20749 20791 20899 21238 21271 21401 21431 21449 21581 21597 21664 22032 22116 22146 22152 22170 22324 22434 22459 22469 22520 22572 22595 22623 22637 22737 22885 22887 23057 23168 23273 23372 23396 23524 23543 23565 23638 23681 23826 24017 24073 24078 24095 24108 24161 24197 24251 24283 24303 24340 24530 24546 24653 24663 24708 24828 24849 24908 24928 24967 24973 25042 25220 25223 25224 25240 25252 25255 25260 25264 25269 25275 25279 25284 25286 25288 25300 25301 25304 25306 25307 25315 25326 25331 25333 25334 25346 25356 25365 25372 25381 
	}
	naval_terrain=water_fjords
	weather={
	}
}
