
strategic_region={
	id=238
	name="STRATEGICREGION_238"
	provinces={
		163 185 210 311 482 556 678 753 754 794 1029 1242 1291 1319 1369 1437 1543 1645 1995 2002 2038 2288 2292 2302 2309 2430 2517 2585 2633 2668 2730 2754 2818 2833 2874 2892 3050 3423 3478 3511 3567 3868 3878 4145 4198 4465 4473 4511 4772 4939 5010 5161 5175 5273 5274 5486 5688 5963 5996 6052 6172 6191 6496 6563 6866 6915 7045 7113 7211 7217 7231 7364 7483 7537 7682 7778 7846 7883 8462 9328 9341 9347 9357 9393 9401 9402 9408 9419 9430 9448 9456 9460 9470 9478 9485 9486 9495 9499 9503 9504 9516 9522 9526 9532 9537 9547 9566 9579 9580 9591 9609 9622 9635 9659 9660 9668 9674 9675 9682 9711 9719 9720 9723 9724 9757 9758 9759 9763 9764 9772 9785 9788 9789 9796 9806 9818 9831 9835 9837 9846 9847 9855 9869 9870 9892 9898 9918 9932 9938 9949 9973 9974 9983 10020 18651 18653 26635 
	}
	weather={
	}
}
