
strategic_region={
	id=239
	name="STRATEGICREGION_239"
	provinces={
		800 914 5832 6618 9037 9072 9075 9117 9161 18603 18617 19749 19892 20178 20224 20642 20727 20774 20845 21226 21272 21355 21478 21762 22011 22052 22204 22225 22240 22319 22326 22589 22640 22910 22912 23120 23157 23508 23617 23668 23697 23806 23941 24092 24193 24347 24370 24398 24439 24470 24488 24820 24830 24831 24837 24891 24980 25094 25109 25110 25114 25117 25135 25137 25140 25146 25154 25157 25163 25164 25169 25171 25175 25190 25198 25204 25215 25221 
	}
	naval_terrain=water_fjords
	weather={
	}
}
