
strategic_region={
	id=24
	name="STRATEGICREGION_24"
	provinces={
		178 783 913 1003 1072 1394 1416 1567 1622 1635 1718 1754 1800 1846 1913 1954 1996 2106 2176 2238 2325 2703 2898 3019 3027 3028 3166 3294 3416 3444 3590 3763 3776 3783 3803 3827 3975 4169 4200 4225 4238 4254 4393 4456 4568 4669 4674 4707 4740 4756 4898 4935 4989 5074 5087 5151 5429 5504 5601 5662 5804 5891 6071 6085 6226 6304 6415 6469 6495 6517 6566 6600 6747 6849 6881 6918 7027 7122 7246 7399 7412 7440 7548 7641 7701 7777 7781 7914 8011 8114 8147 8218 8259 8358 8381 8527 11534 11550 11569 11573 11577 11579 11594 11616 11617 11624 11628 11629 11630 11632 11649 11657 11662 11663 11680 11681 11684 11685 11686 11689 11697 11701 11702 11707 11719 11723 11727 11728 11729 11745 11746 11752 11755 11763 11770 11771 11778 11782 11792 11793 11795 11803 11811 11819 11833 11841 11842 11850 11853 11857 11858 11862 11877 11886 11896 11897 11899 11902 11908 11913 11914 11922 11924 11925 11928 11929 11935 11936 11945 11946 11959 11962 11963 11975 11979 12004 12008 12009 12013 12035 12039 12047 12049 12050 12051 12052 12060 12063 12072 12084 12085 12094 12099 12123 18790 18812 18817 18824 
	}
	weather={
	}
}
