
strategic_region={
	id=242
	name="STRATEGICREGION_242"
	provinces={
		1141 4381 4588 6826 12898 13158 13201 13211 13216 13217 13261 13309 13332 18943 18950 18957 18963 18970 18975 18979 19399 19564 19791 19852 19866 19920 20313 20473 20969 21048 21068 21084 21394 21574 21611 21711 21717 21730 21851 21985 21989 22033 22224 22267 22303 22390 22458 22535 22672 22700 22873 22960 23020 23046 23071 23225 23302 23373 23394 23483 23557 23580 23598 23709 23738 23852 23898 23901 24094 24259 24279 24423 24425 24772 24876 24902 25686 25712 25714 25721 25740 25746 25755 25756 25767 25770 25782 25791 25793 25796 25804 25810 25817 25821 25824 25826 25840 25845 25849 25868 
	}
	naval_terrain=water_fjords
	weather={
	}
}
