
strategic_region={
	id=243
	name="STRATEGICREGION_243"
	provinces={
		13743 13757 13856 18993 19004 19007 19011 19016 19686 19887 20100 20133 20373 20393 20900 21227 21237 21282 21285 21415 21517 21622 21725 21765 21868 21880 22126 22223 22634 22643 22651 22920 23028 23166 23245 23610 23689 23690 23692 23694 23771 23785 23961 24013 24030 24052 24231 24266 24298 24380 24574 24581 24616 24645 24679 24714 24719 24730 24752 25882 25894 25895 25897 25916 25922 25942 25949 25963 25971 25973 25977 25990 25995 26011 
	}
	naval_terrain=water_fjords
	weather={
	}
}
