
strategic_region={
	id=244
	name="STRATEGICREGION_244"
	provinces={
		14900 14941 19056 19061 19078 19092 19093 19106 19382 19721 20102 20110 20111 20145 20250 20255 20420 20477 20860 20988 20999 21201 21250 21258 21439 21442 21471 21714 21830 21845 21966 22095 22103 22181 22298 22380 22406 22424 22775 22795 22816 22930 22975 23006 23013 23137 23300 23324 23411 23465 23468 23645 23760 23790 23833 23960 24028 24126 24159 24248 24405 24446 24496 24547 24765 24895 24936 26009 26013 26049 26050 26056 26063 26070 26087 26096 26114 26118 26126 26139 26151 26161 26187 26192 26203 
	}
	naval_terrain=water_shallow_sea
	weather={
	}
}
