
strategic_region={
	id=27
	name="STRATEGICREGION_27"
	provinces={
		28 68 148 195 370 537 640 714 775 788 795 1070 1101 1152 1266 1273 1279 1280 1403 1441 1496 1540 1697 1741 1748 1953 1972 2013 2020 2055 2138 2380 2470 2504 2538 2734 2750 2903 2992 3023 3090 3100 3190 3212 3251 3327 3338 3374 3399 3446 3447 3542 3586 3696 3907 3925 4043 4251 4252 4257 4354 4385 4401 4787 4865 4871 4895 4962 5069 5113 5178 5180 5205 5224 5251 5417 5494 5641 5723 5734 5931 6001 6021 6096 6160 6274 6311 6518 6624 6752 6801 6814 6864 6982 7015 7144 7172 7219 7283 7471 7482 7498 7526 7750 7904 8004 8125 8131 8253 8461 8530 17630 17656 17664 17671 17675 17711 17716 17734 17763 17772 17773 17790 17800 17807 17817 17830 17831 17838 17839 17840 17846 17867 17868 17878 17880 17881 17882 17889 17895 17896 17897 17902 17922 17923 17929 17930 17959 17974 17991 18000 18009 18016 18032 18046 18057 18068 18075 18088 18096 18102 18112 18113 18117 18125 18134 18142 18170 18180 18181 18188 18197 18204 18209 18210 18220 18229 18237 18243 18255 18268 18269 18279 18283 18284 18291 18297 18298 18322 18332 18333 18346 18347 18348 18354 18371 18378 18382 18387 18400 18401 18408 18415 18421 18431 18437 18443 18444 18449 18453 18457 18458 18470 18478 18479 18492 18493 18500 18511 18512 18513 18514 18531 18546 18554 19317 19318 19321 19323 19326 19327 19341 19349 
	}
	weather={
		period={
			between={ 0.0 30.0 }
			temperature={ -10.0 35.0 }
			no_phenomenon=1.500
			rain_light=0.250
			rain_heavy=0.100
			snow=0.000
			blizzard=0.000
			arctic_water=0.000
			mud=0.000
			sandstorm=0.000
			min_snow_level=0.000
		}
	}
}
