
strategic_region={
	id=29
	name="STRATEGICREGION_29"
	provinces={
		129 155 399 447 723 803 937 1481 1531 1623 2032 2121 2667 2811 3136 3168 3298 3593 4168 4374 4383 4452 4814 4883 5091 5407 5501 5627 5652 5788 5941 6003 6025 6332 6346 6423 6434 6632 6760 6978 7222 7582 8075 8238 8263 8328 8520 8533 15678 15699 15717 15736 15762 15801 15805 15845 15865 15886 15897 15927 15946 15998 16005 16035 16049 16111 16121 16134 16153 16165 16166 16194 16210 16214 16260 16305 16306 16345 16374 16383 16406 16416 16494 16525 16527 16557 16582 16591 16603 16614 16622 16657 16670 19149 19178 19224 
	}
	weather={
		period={
			between={ 0.0 30.0 }
			temperature={ -10.0 35.0 }
			no_phenomenon=1.500
			rain_light=0.250
			rain_heavy=0.100
			snow=0.000
			blizzard=0.000
			arctic_water=0.000
			mud=0.000
			sandstorm=0.000
			min_snow_level=0.000
		}
	}
}
