
strategic_region={
	id=3
	name="STRATEGICREGION_3"
	provinces={
		19307 19308 19356 19497 19513 20181 20283 20627 21141 21181 21301 21412 21443 21561 21965 22055 22111 22198 22228 22750 22774 22808 22845 22898 22899 22996 23018 23044 23049 23096 23154 23331 23364 23416 23461 23517 23566 23662 23731 23885 23928 23988 24015 24083 24153 24184 24214 24395 24421 24430 24509 24549 24572 24629 24717 24743 24920 25008 26415 26433 26440 26449 26466 26472 26475 26478 26480 26483 26484 26488 26498 26501 26502 26503 26505 26516 26521 26524 26545 26547 
	}
	naval_terrain=water_deep_ocean
	weather={
		period={
			between={ 0.0 30.0 }
			temperature={ -10.0 35.0 }
			no_phenomenon=1.500
			rain_light=0.250
			rain_heavy=0.100
			snow=0.000
			blizzard=0.000
			arctic_water=0.000
			mud=0.000
			sandstorm=0.000
			min_snow_level=0.000
		}
	}
}
