
strategic_region={
	id=30
	name="STRATEGICREGION_30"
	provinces={
		138 269 613 1327 1421 1562 1621 1637 1979 2042 2290 2334 2589 2924 3068 3364 3442 3643 3667 4280 4762 5302 6275 6601 6755 6870 7308 7852 7874 8144 8269 8569 15017 15051 15062 15063 15074 15081 15093 15118 15122 15135 15146 15168 15211 15214 15226 15229 15233 15256 15275 15285 15293 15303 15304 15326 15327 15359 15386 15397 15416 15431 15451 15454 15469 15473 15485 15492 15496 15500 15522 15564 15576 19070 19072 19075 19083 19084 19116 19125 
	}
	weather={
	}
}
