
strategic_region={
	id=31
	name="STRATEGICREGION_31"
	provinces={
		38 121 175 266 323 497 508 761 883 1007 1096 1123 1191 1202 1337 1467 1495 1538 1602 1806 1977 2021 2043 2127 2171 2205 2223 2294 2351 2384 2514 2546 2584 2611 2722 2739 2784 2817 2831 2897 3006 3115 3248 3349 3430 3480 3494 3561 3562 3605 3728 3758 3761 3810 3839 4018 4054 4124 4203 4233 4565 4592 4605 4632 4653 5033 5324 5344 5552 5617 5693 5718 5774 5842 5956 6057 6093 6193 6227 6344 6457 6577 6744 6958 6992 7155 7286 7326 7674 7805 7817 7865 7882 8113 8178 8191 8198 8212 8290 8420 16471 16511 16526 16532 16538 16550 16551 16552 16553 16566 16571 16575 16580 16598 16599 16616 16626 16639 16646 16660 16672 16685 16686 16687 16688 16693 16694 16703 16709 16710 16711 16721 16722 16723 16724 16729 16751 16752 16755 16761 16767 16772 16773 16774 16780 16791 16794 16795 16808 16814 16818 16819 16828 16836 16840 16841 16853 16857 16874 16875 16880 16881 16892 16904 16905 16906 16907 16914 16919 16922 16923 16934 16935 16939 16940 16946 16956 16962 16971 16972 16978 16979 16982 16983 16987 16988 16989 16995 16997 16998 16999 17001 17006 17025 17029 17032 17033 17037 17038 17044 17045 17046 17059 17063 17064 17072 17075 17076 17083 17086 17093 17094 17103 17104 17109 17112 17113 17120 17125 17126 17136 17137 17154 17159 17160 17173 17181 17204 17212 17221 17239 17252 19228 19230 19232 19255 19261 19275 19276 19281 19286 19289 19294 26623 
	}
	weather={
	}
}
