
strategic_region={
	id=32
	name="STRATEGICREGION_32"
	provinces={
		26 142 187 335 470 501 541 559 608 1086 1296 1476 1615 1638 1653 1731 1766 1809 1905 1994 2054 2107 2109 2276 2291 2398 2402 2439 2506 2559 2951 3071 3102 3128 3195 3202 3258 3383 3759 3892 4011 4187 4201 4239 4278 4282 4283 4377 4459 4579 4595 4601 4644 4801 4806 5040 5068 5521 5650 5757 5815 5886 5950 6011 6032 6045 6047 6128 6138 6189 6420 6493 6590 6718 6817 7017 7025 7355 7372 7466 7507 7634 7887 7942 8256 8349 8361 8416 8424 8436 8561 15060 15096 15149 15188 15208 15212 15213 15239 15245 15246 15250 15277 15281 15282 15289 15290 15302 15322 15323 15339 15340 15349 15350 15364 15365 15377 15395 15396 15404 15413 15424 15438 15452 15465 15503 15504 15509 15515 15521 15542 15543 15551 15554 15561 15585 15593 15605 15609 15617 15628 15629 15634 15636 15642 15643 15652 15653 15658 15664 15670 15680 15681 15707 15708 15720 15721 15726 15737 15738 15741 15757 15759 15773 15781 15785 15803 15814 15820 15825 15849 15859 15862 15863 15873 15876 15880 15903 15912 15913 15933 15936 15948 15957 15994 16036 16058 16086 16139 16143 19085 19096 19107 19109 19117 19122 19124 
	}
	weather={
	}
}
