
strategic_region={
	id=33
	name="STRATEGICREGION_33"
	provinces={
		165 176 245 332 566 656 671 773 916 985 1045 1130 1166 1303 1356 1636 1763 1801 1866 1872 1872 2014 2014 2044 2060 2094 2224 2556 2607 2619 2749 2976 3082 3082 3111 3191 3235 3235 3244 3260 3266 3305 3353 3368 3368 3434 3746 3789 3816 4157 4323 4445 4523 4626 4626 4818 4852 4866 4973 4975 5050 5083 5137 5290 5293 5293 5317 5629 5690 5764 5835 5835 6088 6088 6161 6248 6286 6295 6625 6942 7026 7026 7064 7066 7108 7117 7117 7259 7593 7637 7637 7751 7843 7843 7903 8319 8340 8413 8501 8501 8560 15584 15584 15587 15587 15621 15621 15645 15645 15650 15650 15695 15695 15730 15730 15749 15749 15833 15852 15867 15872 15875 15875 15893 15893 15899 15919 15919 15928 15928 15954 15954 15955 15956 15960 15970 15974 15987 16000 16000 16001 16012 16017 16021 16021 16022 16065 16065 16066 16080 16080 16096 16112 16113 16118 16148 16149 16160 16180 16187 16200 16201 16220 16227 16233 16240 16241 16245 16252 16253 16254 16264 16284 16292 16293 16294 16303 16304 16314 16319 16340 16346 16350 16351 16355 16361 16363 16379 16380 16384 16393 16394 16396 16397 16402 16403 16419 16427 16428 16431 16442 16443 16447 16453 16454 16458 16479 16486 16490 16504 16512 16530 16533 16565 16593 16608 16645 19159 19159 26612 
	}
	weather={
	}
}
