
strategic_region={
	id=34
	name="STRATEGICREGION_34"
	provinces={
		247 400 496 814 991 1584 1807 2052 2509 3053 3088 3188 3245 3301 3464 3844 4123 4149 4919 4991 5177 5252 5357 5528 6016 6050 6337 6395 6505 6552 6726 6903 7131 7134 7453 7576 7628 7758 7875 8267 14540 14620 14664 14686 14698 14728 14750 14761 14767 14787 14788 14793 14800 14853 14882 14905 14909 14924 14942 14960 14968 14988 14997 15011 15024 15028 15045 15046 15048 15066 15068 15069 15078 15086 15097 15098 15102 15103 15126 15144 19076 19079 19097 26677 
	}
	weather={
	}
}
