
strategic_region={
	id=35
	name="STRATEGICREGION_35"
	provinces={
		79 93 97 221 314 535 614 1158 1167 1401 1414 1765 1988 2017 2297 2469 2524 2723 2778 2837 2879 2950 2970 3056 3241 3609 3735 3945 4295 5404 5838 6264 6572 6626 6762 7047 7097 7204 7392 7420 7529 7759 8255 8365 8548 13933 13960 14009 14022 14056 14084 14116 14123 14149 14157 14168 14169 14199 14209 14219 14262 14280 14287 14288 14297 14322 14364 14371 14372 14378 14382 14383 14389 14390 14407 14417 14421 14422 14423 14429 14431 14435 14436 14459 14461 14462 14465 14473 14474 14493 14494 14495 14498 14507 14508 14510 14513 14514 14544 14545 14549 14557 14564 14565 14592 14597 14605 14623 14642 14669 14670 19037 
	}
	weather={
	}
}
