
strategic_region={
	id=36
	name="STRATEGICREGION_36"
	provinces={
		239 303 417 767 1258 1283 1440 1566 1595 1691 1738 2426 2515 2779 2871 3254 3398 3897 3963 4155 4265 4284 4585 5019 5035 5153 5367 5405 5447 5485 5487 5571 5705 5762 6154 6468 6614 6672 6974 7077 7408 7623 7819 7890 7981 8070 8439 8459 8469 14156 14175 14181 14202 14232 14233 14239 14240 14248 14260 14279 14293 14294 14310 14333 14334 14335 14349 14355 14359 14363 14369 14377 14416 14427 14428 14450 14451 14464 14471 14472 14491 14503 14504 14509 14512 14532 14548 14554 14555 14563 14567 14571 14572 14585 14596 14603 14609 14619 14629 14641 14654 14667 14675 14697 14715 14757 14774 14781 14792 14798 14817 14830 14850 19015 19033 19036 19038 19039 19050 19053 
	}
	weather={
		period={
			between={ 0.0 30.0 }
			temperature={ -10.0 35.0 }
			no_phenomenon=1.500
			rain_light=0.250
			rain_heavy=0.100
			snow=0.000
			blizzard=0.000
			arctic_water=0.000
			mud=0.000
			sandstorm=0.000
			min_snow_level=0.000
		}
	}
}
