
strategic_region={
	id=37
	name="STRATEGICREGION_37"
	provinces={
		371 1078 2031 2078 2542 5909 6731 16570 16586 16615 16624 16658 16707 16731 16770 16776 16777 16806 16807 16813 16839 16844 16870 17420 19222 19242 19247 19272 19277 19297 19304 19310 20349 20579 20635 21699 21967 21974 22054 22403 22641 22836 22978 23177 23200 23255 23380 23384 23431 23600 23902 24089 24253 24288 24338 24655 24803 26348 26394 26396 26418 26437 26454 26467 26470 26485 
	}
	naval_terrain=water_shallow_sea
	weather={
	}
}
