
strategic_region={
	id=4
	name="STRATEGICREGION_4"
	provinces={
		660 2604 3516 5877 6756 7996 17530 17591 17601 17638 17651 17683 17953 18018 18060 18136 18205 19312 19319 19324 19339 19618 20529 20816 20906 21645 21872 22361 22501 22538 22973 23186 23233 23500 23528 23550 23556 23599 23635 23658 23752 23863 24079 24137 24150 24294 24361 24518 24840 24847 24869 24905 24930 24953 25002 26479 26481 26490 26492 26506 26509 26520 26525 26533 26535 26537 26539 26544 26548 26551 26555 26569 26574 26575 26578 26582 
	}
	naval_terrain=water_shallow_sea
	weather={
		period={
			between={ 0.0 30.0 }
			temperature={ -10.0 35.0 }
			no_phenomenon=1.500
			rain_light=0.250
			rain_heavy=0.100
			snow=0.000
			blizzard=0.000
			arctic_water=0.000
			mud=0.000
			sandstorm=0.000
			min_snow_level=0.000
		}
	}
}
