
strategic_region={
	id=47
	name="STRATEGICREGION_47"
	provinces={
		151 194 337 643 808 823 830 998 1201 1534 1647 1784 1852 1936 1997 2417 3197 3380 3535 3934 3958 4024 4096 4214 4432 4623 4830 4835 4917 5067 5157 5689 5794 6619 6828 7101 7111 7697 7878 7938 7955 8211 8285 8563 17593 17596 17597 17644 17682 17695 17707 17717 17731 17740 17764 17791 17792 17794 17818 17822 17832 17852 17855 17879 17883 17911 17931 17932 17955 17980 17992 18001 18037 18038 18058 18059 18079 18089 18118 18135 18147 18171 18172 18189 18190 18191 18211 18215 18230 18238 18244 18256 18263 18318 19325 
	}
	weather={
		period={
			between={ 0.0 30.0 }
			temperature={ -10.0 35.0 }
			no_phenomenon=1.500
			rain_light=0.250
			rain_heavy=0.100
			snow=0.000
			blizzard=0.000
			arctic_water=0.000
			mud=0.000
			sandstorm=0.000
			min_snow_level=0.000
		}
	}
}
