
strategic_region={
	id=48
	name="STRATEGICREGION_48"
	provinces={
		790 948 1122 1344 1390 1563 1687 2233 2283 2473 2645 3109 3255 3495 3799 4974 5298 6399 6646 6736 7016 7207 7262 7263 7544 8350 11034 11101 11111 11159 11160 11165 11220 11336 11356 11357 11393 11408 11418 11423 11430 11445 11458 11459 11487 11494 11500 11501 11504 11512 11535 11543 11544 11545 11562 11592 18777 
	}
	weather={
		period={
			between={ 0.0 30.0 }
			temperature={ -10.0 35.0 }
			no_phenomenon=1.500
			rain_light=0.250
			rain_heavy=0.100
			snow=0.000
			blizzard=0.000
			arctic_water=0.000
			mud=0.000
			sandstorm=0.000
			min_snow_level=0.000
		}
	}
}
