
strategic_region={
	id=50
	name="STRATEGICREGION_50"
	provinces={
		116 125 191 273 367 386 426 543 601 675 693 894 1005 1099 1165 1177 1255 1261 1276 1516 1546 1729 1781 1828 1875 1948 1965 2298 2394 2440 2541 2653 2742 3024 3139 3164 3182 3210 3220 3500 3501 3712 3826 4234 4410 4628 4730 4777 4834 4843 4880 4907 5159 5291 5451 5596 5862 5879 5926 5936 6215 6323 6452 6465 6472 6610 6721 6806 6821 6899 6911 6967 7032 7051 7092 7214 7215 7257 7261 7341 7528 7543 7771 7772 7898 7921 7964 8096 8123 8231 8389 8465 8468 8570 14113 14121 14230 14231 14246 14274 14277 14308 14339 14340 14344 14345 14368 14374 14375 14376 14381 14385 14392 14403 14411 14425 14426 14440 14458 14463 14470 14478 14488 14489 14505 14506 14520 14526 14536 14537 14542 14543 14582 14583 14584 14591 14599 14601 14615 14633 14647 14648 14653 14679 14683 14689 14690 14701 14704 14708 14724 14731 14732 14735 14736 14744 14748 14764 14786 14803 14806 14824 14827 14836 14854 14863 14868 14887 14888 14892 15021 19046 19062 19063 26618 26672 
	}
	weather={
	}
}
