
strategic_region={
	id=51
	name="STRATEGICREGION_51"
	provinces={
		4 491 562 1059 1224 1515 2486 3871 3905 3983 4077 4418 4749 5234 6009 6365 6439 6914 6927 7264 7533 7970 8055 8137 8485 13865 13866 13894 13895 13903 13914 13944 13945 13955 13956 13994 14000 14001 14029 14030 14067 14087 14164 14200 14213 14224 14225 14259 14271 14284 14292 14305 14324 14331 14365 14414 14455 14456 14476 14541 14590 18995 19000 19005 26670 26671 
	}
	weather={
		period={
			between={ 0.0 30.0 }
			temperature={ -10.0 35.0 }
			no_phenomenon=1.500
			rain_light=0.250
			rain_heavy=0.100
			snow=0.000
			blizzard=0.000
			arctic_water=0.000
			mud=0.000
			sandstorm=0.000
			min_snow_level=0.000
		}
	}
}
