
strategic_region={
	id=52
	name="STRATEGICREGION_52"
	provinces={
		112 480 681 1055 1206 1248 1719 1749 1802 1931 2543 2956 3591 4085 4837 5061 5111 5296 5772 5822 5829 5896 6084 6152 6278 6935 7158 7329 7693 7749 7982 8371 8442 13308 13419 13457 13485 13490 13509 13531 13542 13548 13549 13573 13593 13594 13645 13662 13670 13679 13696 13730 13803 13858 13898 13899 13916 13967 13989 14003 14004 14013 14042 
	}
	weather={
		period={
			between={ 0.0 30.0 }
			temperature={ -10.0 35.0 }
			no_phenomenon=1.500
			rain_light=0.250
			rain_heavy=0.100
			snow=1.000
			blizzard=0.070
			arctic_water=0.000
			mud=0.000
			sandstorm=0.000
			min_snow_level=0.000
		}
	}
}
