
strategic_region={
	id=53
	name="STRATEGICREGION_53"
	provinces={
		48 95 408 416 527 544 626 673 921 1244 1313 1473 1486 1558 1717 2049 2135 2139 2210 2213 2304 2353 2452 2511 2550 2579 2663 2676 2700 2953 2972 3030 3123 3337 3473 3581 3608 3842 3866 3912 3924 3937 4206 4248 4258 4360 4458 4463 4665 4885 5088 5209 5229 5415 5507 5580 5708 5771 5901 5903 6058 6150 6245 6280 6299 6373 6473 6476 6550 6883 7170 7224 7406 7414 7437 7763 7827 7900 7919 7984 8566 14434 14481 14482 14483 14490 14522 14527 14528 14531 14547 14561 14562 14579 14595 14602 14608 14628 14640 14650 14680 14692 14705 14706 14718 14719 14737 14738 14749 14756 14766 14780 14797 14808 14809 14815 14816 14821 14825 14826 14838 14844 14848 14849 14856 14866 14874 14875 14886 14889 14898 14904 14916 14923 14933 14957 14958 14959 14966 14967 14976 14987 14993 14994 14996 15000 15027 15031 15037 15065 15067 15101 15110 15132 15133 15142 15143 15148 15163 15164 15172 15176 15177 15187 15205 15220 15221 15238 15262 15297 15298 15308 15309 15330 15354 15408 15429 19071 19089 19108 19111 21082 23995 26086 
	}
	weather={
		period={
			between={ 0.0 30.0 }
			temperature={ -10.0 35.0 }
			no_phenomenon=1.500
			rain_light=0.250
			rain_heavy=0.100
			snow=0.000
			blizzard=0.000
			arctic_water=0.000
			mud=0.000
			sandstorm=0.000
			min_snow_level=0.000
		}
	}
}
