
strategic_region={
	id=56
	name="STRATEGICREGION_56"
	provinces={
		1883 2449 3507 4016 7104 7464 7513 8405 16666 16760 16856 16902 16930 16931 16975 16986 17019 19217 19233 19235 19243 19245 19264 19270 20068 20080 20379 20870 21375 21624 21719 21746 21833 22395 22731 22981 23083 23212 23440 23555 23606 23608 23846 24281 24524 24525 24640 24791 24852 26299 26310 26330 26366 26369 26375 26392 26409 26423 26425 
	}
	naval_terrain=water_shallow_sea
	weather={
		period={
			between={ 0.0 30.0 }
			temperature={ -10.0 35.0 }
			no_phenomenon=1.500
			rain_light=0.250
			rain_heavy=0.100
			snow=0.000
			blizzard=0.000
			arctic_water=0.000
			mud=0.000
			sandstorm=0.000
			min_snow_level=0.000
		}
	}
}
