
strategic_region={
	id=57
	name="STRATEGICREGION_57"
	provinces={
		30 61 315 452 548 893 999 1010 1207 1498 1537 1864 1938 2048 2178 2211 2387 2428 2483 2774 2904 3487 3610 3736 3822 3867 4002 4639 5046 5073 5186 5594 5781 5858 5864 5895 6168 6210 6303 6320 6749 6925 6932 6940 6950 6983 7002 7012 7191 7280 7322 7436 7486 7555 7600 7933 8157 8233 8316 8398 8503 13764 13827 13873 13874 13879 13880 13887 13900 13901 13917 13918 13921 13928 13932 13940 13953 13973 13983 13996 13997 13998 14021 14032 14033 14061 14070 14090 14098 14126 14127 14128 14148 14167 14176 14182 14190 14196 14198 14208 14218 14227 14228 14241 14249 14254 14261 14265 14295 14296 14321 14326 14341 14370 14388 14399 14413 14441 14444 14452 14492 14499 26669 
	}
	weather={
	}
}
