
strategic_region={
	id=60
	name="STRATEGICREGION_60"
	provinces={
		804 933 940 1077 1124 1200 1354 2163 2457 2851 3199 3664 3704 3711 3794 4074 4174 4189 4512 4867 5042 5125 5470 5513 5677 6341 6385 6467 6585 6589 6905 7162 7350 7562 7591 8344 8445 8531 8551 12487 12520 12567 12586 12602 12612 12624 12633 12634 12647 12653 12663 12668 12672 12679 12686 12696 12712 12716 12726 12727 12733 12738 12758 12759 12765 12778 12785 12792 12798 12802 12814 12828 12833 12836 12845 12861 12862 12888 12892 12910 12926 12930 12956 18912 18915 18942 
	}
	weather={
	}
}
