
strategic_region={
	id=61
	name="STRATEGICREGION_61"
	provinces={
		249 777 923 953 1062 1767 1904 2050 2201 2829 3328 3601 3744 3987 4052 4146 4183 4359 4367 4521 4726 4850 5077 5119 5461 5523 5679 5778 6107 6334 6812 6833 6972 7075 7190 7296 7532 8243 8248 8278 8303 8500 16027 16050 16085 16093 16094 16116 16122 16130 16141 16142 16146 16155 16162 16169 16179 16195 16211 16217 16218 16239 16251 16256 16257 16266 16271 16272 16282 16311 16312 16326 16339 16353 16358 16372 16378 16390 16391 16392 16400 16418 16423 16432 16436 16449 16457 16463 16464 16474 16478 16489 16501 16502 16510 16515 16528 16529 16549 16558 16592 16604 16623 16651 16715 19171 19174 19179 19192 19211 26680 26681 
	}
	weather={
	}
}
