
strategic_region={
	id=62
	name="STRATEGICREGION_62"
	provinces={
		69 423 623 858 1189 1204 1462 2160 2192 2207 2247 2269 2510 3017 3175 3315 3346 4075 4143 4158 4196 4269 4516 4591 4859 5075 5406 5460 5664 5990 6209 6867 7229 7515 7709 7747 8126 8293 8299 8339 8510 15824 15887 15898 15906 15911 15926 15935 15953 15959 15967 15984 16006 16008 16009 16015 16041 16045 16046 16056 16084 16099 16106 16115 16135 16136 16145 16154 16167 16168 16178 16215 16216 16262 16275 16301 16325 16334 16349 16375 16413 16417 16509 19202 
	}
	weather={
	}
}
