
strategic_region={
	id=63
	name="STRATEGICREGION_63"
	provinces={
		14 212 338 1346 1430 1459 1921 2069 2360 2427 2860 2908 2957 3264 3376 4636 4694 5094 5277 5471 5517 5593 5937 6558 6567 6671 6939 7463 7862 8108 8282 14858 14862 14873 14884 14895 14896 14908 14927 14937 14944 14950 14981 14982 14991 15003 15015 15019 15020 15029 15039 15049 15052 15054 15064 15076 15082 15085 15105 15121 15124 15141 15153 15157 15160 15173 15183 15184 15216 15217 15254 15257 19057 19067 19073 19077 
	}
	weather={
		period={
			between={ 0.0 30.0 }
			temperature={ -10.0 35.0 }
			no_phenomenon=1.500
			rain_light=0.250
			rain_heavy=0.100
			snow=0.000
			blizzard=0.000
			arctic_water=0.000
			mud=0.000
			sandstorm=0.000
			min_snow_level=0.000
		}
	}
}
