
strategic_region={
	id=64
	name="STRATEGICREGION_64"
	provinces={
		5 217 246 297 307 487 867 1082 1092 1176 1178 1192 1301 1439 1465 1569 1572 1611 1657 1759 1770 1815 1893 1943 2099 2249 2260 2274 2310 2563 2630 2647 2670 2679 2729 2806 2859 2877 2919 2939 2959 2986 2994 3043 3065 3334 3354 3420 3436 3486 3491 3533 3694 3850 3965 4061 4194 4275 4407 4436 4546 4611 4631 4667 4808 4827 4927 5007 5044 5227 5364 5397 5582 5609 5738 5958 5993 6039 6082 6144 6187 6205 6291 6356 6357 6444 6460 6538 6561 6620 6701 6702 6742 6769 6771 6989 7048 7059 7417 7485 7487 7499 7511 7550 7570 7596 7613 7647 7786 7838 7906 7923 7945 8044 8082 8210 8223 8272 8280 8287 8295 8370 8435 8508 8571 10515 10542 10549 10603 10613 10663 10678 10693 10697 10698 10717 10727 10733 10763 10795 10813 10819 10828 10833 10845 10846 10853 10858 10864 10870 10871 10878 10885 10900 10904 10905 10910 10911 10924 10925 10932 10946 10956 10961 10965 10968 10969 10996 11007 11013 11014 11017 11025 11031 11044 11050 11078 11083 11093 11094 11095 11098 11107 11108 11113 11137 11145 11146 11152 11155 11162 11175 11176 11192 11200 11201 11208 11222 11223 11230 11236 11258 11259 11277 11281 11300 11305 11317 11322 11323 11343 11344 11353 11359 11364 11368 11369 11390 11394 11395 11399 11406 11409 11424 11425 11426 11435 11451 11474 11481 11482 11496 11514 11522 11528 11529 11538 11566 11571 11593 11602 11614 11618 11619 11644 11650 11651 11652 11699 11713 18769 18807 
	}
	weather={
	}
}
