
strategic_region={
	id=65
	name="STRATEGICREGION_65"
	provinces={
		105 261 299 355 402 525 547 622 759 793 864 920 928 965 980 1008 1145 1157 1190 1197 1405 1618 1656 1694 1757 1826 1861 1932 1961 1967 1986 2317 2344 2356 2376 2447 2468 2475 2521 2523 2551 2612 2809 2866 2921 2929 2980 3104 3137 3170 3209 3279 3282 3329 3504 3557 3618 3630 3655 3663 3684 3685 3752 3948 4104 4148 4270 4304 4308 4344 4352 4400 4403 4517 4532 4712 4784 4796 4853 4911 5150 5199 5413 5452 5499 5602 5604 5638 5673 5754 5786 5951 5960 5965 6097 6109 6147 6237 6322 6389 6413 6449 6519 6531 6613 6622 6638 6681 6682 6710 6802 6850 6871 6875 6880 6887 6923 6933 7004 7179 7183 7186 7336 7368 7405 7449 7549 7568 7587 7711 7729 7746 7756 7811 7911 7991 8023 8042 8045 8059 8111 8181 8229 8250 8324 8460 8518 10049 10096 10100 10134 10174 10177 10195 10222 10304 10353 10358 10359 10360 10399 10404 10412 10423 10424 10442 10455 10460 10485 10486 10501 10508 10514 10548 10567 10568 10569 10576 10595 10602 10606 10618 10623 10647 10648 10649 10683 10692 10696 10704 10730 10731 10732 10752 10767 10768 10777 10778 10794 10812 10827 10832 10844 10857 10863 10876 10877 10891 10892 10899 10923 10929 10930 10931 10955 10964 10979 10980 10987 10988 11004 11012 11021 11024 11035 11036 11043 11048 11049 11063 11064 11070 11073 11074 11082 11097 11105 11106 11127 11128 11144 11151 11161 11182 11183 11191 11199 11213 11221 11227 11228 11229 11235 11239 11243 11244 11245 11251 11275 11276 11292 11315 11316 11320 11321 11337 11338 11358 11363 11383 11384 11388 11389 11413 11419 11431 11460 11461 11469 11472 11473 11488 11492 11493 11495 11505 11513 11520 11521 11537 11551 11565 11570 11580 11583 11601 11621 11622 11625 11655 11670 11712 11724 11731 11748 11772 11775 11808 11845 11859 11900 18691 18778 18793 18796 18801 18802 18804 18826 26599 26600 26601 26602 26642 26645 26646 26647 
	}
	weather={
		period={
			between={ 0.0 30.0 }
			temperature={ -10.0 35.0 }
			no_phenomenon=1.500
			rain_light=0.250
			rain_heavy=0.100
			snow=0.000
			blizzard=0.000
			arctic_water=0.000
			mud=0.000
			sandstorm=0.000
			min_snow_level=0.000
		}
	}
}
