
strategic_region={
	id=67
	name="STRATEGICREGION_67"
	provinces={
		183 372 645 787 895 1526 1672 1732 2371 2418 2759 2772 3131 3823 4577 4676 4861 5637 5869 5892 5952 6019 6261 6281 6943 6948 6991 7184 7188 7686 7953 8049 8118 8266 8275 8390 8472 15331 15355 15369 15384 15409 15425 15466 15622 15659 15665 15689 15700 15744 15765 15766 15772 15774 15775 15792 15793 15821 15826 15841 15842 15850 15853 15868 15874 15881 15882 15904 15914 15915 15964 15971 15989 16013 16030 16047 16119 
	}
	weather={
	}
}
