
strategic_region={
	id=68
	name="STRATEGICREGION_68"
	provinces={
		464 590 646 1025 1314 1349 1359 1381 1397 1445 1457 2084 2242 3177 3371 3414 3650 3865 4594 5610 5855 5995 6348 6480 6603 6785 6803 7409 7670 7946 8318 8335 18049 18056 18073 18086 18099 18139 18156 18168 18177 18201 18207 18227 18233 18234 18260 18281 18295 18307 18326 18368 18369 18380 18419 18429 18430 18435 18447 18476 18481 18486 18490 18529 18552 18558 
	}
	weather={
		period={
			between={ 0.0 30.0 }
			temperature={ -10.0 35.0 }
			no_phenomenon=1.500
			rain_light=0.250
			rain_heavy=0.100
			snow=0.000
			blizzard=0.000
			arctic_water=0.000
			mud=0.000
			sandstorm=0.000
			min_snow_level=0.000
		}
	}
}
