
strategic_region={
	id=69
	name="STRATEGICREGION_69"
	provinces={
		74 211 409 587 610 641 873 1054 1208 1520 1549 1822 2041 2246 2316 2873 3534 3906 3978 4395 4655 4770 4810 5048 5080 5216 5240 5245 5390 5735 6112 6121 6188 6376 7181 7272 7571 7654 7925 7998 8401 8524 17767 17805 17849 17894 17913 17957 17971 17984 18024 18025 18028 18044 18048 18055 18085 18114 18115 18116 18138 18149 18150 18155 18167 18214 18218 18219 18222 18223 18224 18232 18241 18266 18267 18274 18275 18276 18302 18306 18342 18343 18353 18399 18442 18467 18485 18499 18510 19336 19345 19348 
	}
	weather={
	}
}
