
strategic_region={
	id=70
	name="STRATEGICREGION_70"
	provinces={
		3 70 207 242 290 392 436 438 455 594 596 619 686 799 901 1115 1144 1151 1253 1379 1422 1455 1472 1557 1560 1643 1746 1794 1840 1873 1891 1892 1939 2133 2190 2196 2222 2416 2501 2505 2624 2635 2702 3098 3236 3261 3539 3564 3599 3645 3676 3708 3790 3881 3954 3957 4025 4081 4126 4229 4408 4673 4683 4774 4984 5170 5267 5340 5398 5466 5720 5770 5863 5961 6015 6056 6120 6136 6141 6177 6212 6219 6512 6533 6539 6543 6573 6587 6597 6706 6727 6862 6953 7138 7269 7382 7451 7460 7554 7732 7794 7835 7951 8008 8069 8208 8310 8313 8419 8430 16843 16865 16879 16908 16912 16949 16950 17014 17023 17057 17058 17067 17100 17108 17110 17123 17141 17145 17166 17167 17168 17177 17178 17179 17192 17196 17197 17209 17219 17229 17237 17242 17247 17257 17258 17264 17271 17280 17281 17289 17303 17304 17325 17343 17353 17354 17360 17370 17371 17372 17373 17381 17386 17394 17395 17401 17412 17417 17418 17419 17427 17429 17430 17437 17442 17458 17470 17474 17497 17498 17503 17523 17524 17528 17535 17543 17547 17558 17566 17575 17582 17599 17603 17612 17616 17623 17629 17634 17639 17640 17643 17648 17662 17668 17688 17694 17701 17713 17723 17747 17748 17749 17754 17761 17766 17804 17806 17811 17826 17844 17865 17874 17904 17921 17925 17926 17958 17983 19273 19278 19282 19283 19298 19303 19309 19315 19316 19322 
	}
	weather={
		period={
			between={ 0.0 30.0 }
			temperature={ -10.0 35.0 }
			no_phenomenon=1.500
			rain_light=0.250
			rain_heavy=0.100
			snow=0.000
			blizzard=0.000
			arctic_water=0.000
			mud=0.000
			sandstorm=0.000
			min_snow_level=0.000
		}
	}
}
