
strategic_region={
	id=71
	name="STRATEGICREGION_71"
	provinces={
		40 104 120 241 492 495 752 846 898 1138 1146 1186 1232 1315 1433 1488 1533 1594 1616 1721 1805 1831 1865 2164 2175 2275 2460 2513 2718 2839 3062 3280 3330 3432 3524 3569 3683 3697 3754 3928 4013 4188 4340 4412 4557 4570 4640 4688 5070 5221 5264 5356 5378 5392 5716 5836 6124 6506 6607 6994 7148 7213 7243 7265 7346 7349 7411 7535 7717 7722 7795 7803 7845 7888 7939 7972 8189 8415 8515 17459 17485 17504 17525 17536 17567 17576 17583 17595 17617 17669 17670 17673 17705 17706 17724 17739 17750 17755 17768 17784 17789 17797 17798 17799 17812 17827 17835 17837 17845 17850 17875 17876 17877 17899 17905 17906 17908 17917 17927 17928 17944 17951 17952 17979 17985 17997 17998 17999 18026 18033 18034 18045 18067 18100 18123 18130 18131 18140 18157 18158 18187 18195 18228 18277 18288 18344 18345 18358 18359 18365 18413 18423 18468 18469 18482 18495 18520 18530 18536 18544 18559 18560 19328 26687 26693 
	}
	weather={
	}
}
