
strategic_region={
	id=72
	name="STRATEGICREGION_72"
	provinces={
		344 374 561 699 1254 1426 2012 2057 2208 2529 2642 2745 2836 2966 3047 3148 3154 3158 3183 3389 3402 3639 4022 4064 4296 4868 4986 5132 5408 5503 5508 5515 5622 5654 5802 5985 6183 6253 6296 6350 6503 6786 6986 7050 7053 7096 7285 7376 7694 7844 7932 7934 8186 8342 8380 8492 8514 17813 17814 17828 17853 17854 17866 17887 17900 17901 17940 17941 17945 17963 17972 17986 17990 18008 18029 18030 18035 18050 18074 18092 18093 18094 18101 18132 18133 18151 18169 18202 18203 18208 18235 18254 18261 18262 18278 18282 18289 18303 18308 18317 18327 18328 18337 18360 18370 18381 18393 18394 18405 18406 18420 18448 18456 18477 18487 18491 18545 18553 18561 19329 19352 19355 26695 
	}
	weather={
	}
}
