
strategic_region={
	id=73
	name="STRATEGICREGION_73"
	provinces={
		83 628 792 838 961 1043 1125 1210 1382 1446 2289 2454 2599 2603 3086 3169 3268 3317 3553 3580 3686 3699 3751 3893 3941 3985 4029 4031 4137 4173 4365 4378 4535 4599 4603 4648 4803 4908 5169 5319 5457 5697 5812 6054 6388 6536 6556 7005 7081 7194 7210 7232 7897 8195 8345 8348 8408 8470 8478 17011 17020 17024 17028 17043 17062 17074 17089 17092 17111 17129 17135 17149 17153 17189 17198 17202 17203 17210 17211 17215 17238 17265 17266 17276 17282 17287 17305 17306 17322 17329 17377 17382 17383 17384 17396 17402 17409 17410 17431 17443 17467 17468 17486 17509 17517 17518 17548 17549 17551 17577 17578 17584 17600 17624 17641 17649 17655 17663 17666 17702 17710 17714 17725 17756 17769 26456 
	}
	weather={
	}
}
