
strategic_region={
	id=75
	name="STRATEGICREGION_75"
	provinces={
		12 785 983 990 1317 2239 2296 2445 2757 3135 3325 3370 3672 3770 3888 3929 4230 4520 4574 4689 4909 5279 5292 5755 5806 5883 6327 6807 7230 7297 7377 7503 7574 7823 8006 8027 8467 16360 16373 16401 16424 16438 16446 16484 16485 16574 16619 16628 16652 16659 16667 16671 16692 16708 16720 16726 16750 16793 16797 16852 16869 16903 16910 16945 16951 16952 16976 16977 16993 16994 17005 17036 17124 17130 17180 19198 19200 19204 26614 26683 26684 
	}
	weather={
		period={
			between={ 0.0 30.0 }
			temperature={ -10.0 35.0 }
			no_phenomenon=1.500
			rain_light=0.250
			rain_heavy=0.100
			snow=0.000
			blizzard=0.000
			arctic_water=0.000
			mud=0.000
			sandstorm=0.000
			min_snow_level=0.000
		}
	}
}
