
strategic_region={
	id=76
	name="STRATEGICREGION_76"
	provinces={
		289 361 1028 1288 1334 1592 1675 2045 2206 2311 2448 2838 3009 3527 3529 3616 3802 4128 4190 4222 4610 4629 4941 5467 5505 5704 5841 6521 7115 7640 7665 7723 7905 7992 8153 15830 15866 15888 15889 15907 15923 15938 15947 15962 15963 15968 15969 15979 15985 15986 15999 16010 16011 16016 16029 16051 16057 16061 16063 16064 16077 16078 16079 16095 16100 16103 16107 16108 16117 16123 16137 16138 16147 16156 16159 16174 16175 16186 16199 16219 16226 16230 16231 16232 16234 16242 16263 16267 16283 16302 16307 16313 16318 16335 16336 16354 16359 16433 16437 16450 16465 16475 16483 16503 16521 16535 16536 16537 16541 16562 16579 19157 19158 19163 19167 19193 19196 19199 
	}
	weather={
		period={
			between={ 0.0 30.0 }
			temperature={ -10.0 35.0 }
			no_phenomenon=1.500
			rain_light=0.250
			rain_heavy=0.100
			snow=0.000
			blizzard=0.000
			arctic_water=0.000
			mud=0.000
			sandstorm=0.000
			min_snow_level=0.000
		}
	}
}
