
strategic_region={
	id=78
	name="STRATEGICREGION_78"
	provinces={
		90 201 485 770 1021 1535 1886 2336 2397 2451 2648 2725 2922 2987 3014 3306 3343 4017 4138 4285 4429 4576 4793 5253 5304 5624 5821 6221 6300 6325 6547 7105 7150 7166 7458 7643 8185 17138 17171 17183 17193 17224 17231 17232 17240 17260 17267 17268 17274 17278 17284 17294 17300 17314 17317 17336 17357 17358 17365 17378 17385 17389 17390 17391 17403 17404 17414 17432 17441 17452 17473 17476 17480 17481 17482 17487 17499 17506 17520 17538 17539 17540 17554 17569 17610 17614 17635 17657 19296 19301 19314 
	}
	weather={
	}
}
