
strategic_region={
	id=79
	name="STRATEGICREGION_79"
	provinces={
		42 56 309 319 498 505 807 896 959 1027 1050 1066 1377 1699 1742 1762 1774 1786 1959 2025 2444 2566 2685 2689 2855 2857 3059 3101 3129 3213 3340 3428 3450 3625 3665 3845 3886 3951 4010 4202 4250 4345 4590 4675 4736 4781 4990 5027 5225 5386 5509 5539 5541 5646 5746 5791 5976 6076 6134 6277 6425 6574 6629 7011 7043 7082 7160 7403 7527 7644 7666 7735 7743 7840 8084 8337 8412 8414 8547 16482 16561 16567 16601 16606 16611 16612 16633 16636 16649 16678 16679 16683 16701 16713 16727 16743 16747 16748 16754 16765 16783 16787 16792 16800 16820 16821 16825 16832 16860 16868 16896 16911 16915 16927 16959 17031 17034 17047 17048 17079 17087 17091 17097 17128 17131 17143 17162 17174 17185 17186 17194 17200 17225 17226 17233 17244 17248 17249 17253 17269 17291 17318 17327 17337 17366 17374 17422 17461 17511 17521 17529 17559 17570 17586 17619 17626 17658 17667 17676 17677 17732 19274 
	}
	weather={
	}
}
