
strategic_region={
	id=8
	name="STRATEGICREGION_8"
	provinces={
		86 133 291 325 396 420 515 968 984 1036 1235 1321 1571 1650 1686 1874 1955 2008 2016 2019 2100 2306 2365 2368 2572 2597 2805 2868 2910 2942 3112 3117 3151 3308 3332 3396 3401 3541 3607 3966 4105 4129 4165 4224 4331 4435 4496 4497 4533 4555 4556 4627 4642 4654 4690 4754 5131 5158 5235 5383 5400 5416 5468 5714 5750 5900 5977 6038 6338 6342 6430 6441 6461 6471 6627 6770 6831 7069 7168 7209 7216 7441 7470 7547 7616 8031 8130 8364 8368 8437 17933 17982 18003 18039 18051 18061 18080 18090 18103 18104 18143 18146 18148 18160 18162 18163 18173 18182 18183 18184 18192 18198 18212 18213 18216 18217 18226 18239 18245 18246 18247 18250 18257 18258 18271 18272 18280 18285 18292 18300 18304 18310 18311 18312 18313 18323 18324 18325 18329 18330 18338 18339 18340 18349 18350 18351 18357 18366 18367 18372 18373 18374 18379 18384 18385 18391 18397 18403 18410 18417 18418 18425 18426 18432 18433 18434 18439 18440 18459 18460 18461 18464 18473 18474 18475 18483 18488 18496 18503 18506 18507 18515 18516 18517 18518 18522 18523 18524 18525 18539 18540 18548 18556 18557 19333 19335 19346 26694 
	}
	weather={
		period={
			between={ 0.0 30.0 }
			temperature={ -10.0 35.0 }
			no_phenomenon=1.500
			rain_light=0.250
			rain_heavy=0.100
			snow=0.000
			blizzard=0.000
			arctic_water=0.000
			mud=0.000
			sandstorm=0.000
			min_snow_level=0.000
		}
	}
}
