
strategic_region={
	id=80
	name="STRATEGICREGION_80"
	provinces={
		75 119 377 407 581 663 1612 1783 1973 2169 2350 2632 3022 3150 3165 3531 3556 3568 3863 3890 3935 3967 4287 4336 4338 4494 4789 4845 4863 4998 5195 5244 5745 5905 6033 6234 6568 6705 6735 6799 7040 7090 7250 7294 7386 7588 8050 8139 8402 15709 15724 15732 15745 15768 15788 15789 15807 15838 15839 15861 15884 15905 15910 15925 15930 15940 15975 15976 15982 15990 16019 16025 16028 16032 16060 16062 16072 16074 16098 16101 16102 16109 16128 16132 16133 16151 16158 16185 16192 16203 16224 16229 16244 16248 16249 16286 16287 16309 16331 16332 16338 16370 16460 19175 19181 19188 
	}
	weather={
		period={
			between={ 0.0 30.0 }
			temperature={ -10.0 35.0 }
			no_phenomenon=1.500
			rain_light=0.250
			rain_heavy=0.100
			snow=0.000
			blizzard=0.000
			arctic_water=0.000
			mud=0.000
			sandstorm=0.000
			min_snow_level=0.000
		}
	}
}
