
strategic_region={
	id=81
	name="STRATEGICREGION_81"
	provinces={
		46 118 267 545 774 786 833 856 869 1195 1251 1395 1780 1882 1910 2240 2303 2382 2415 2618 2655 2900 3178 3237 3283 4102 4235 4349 4492 4727 4809 4815 4832 5029 5149 6251 6535 6980 6997 7074 7318 7383 7426 7594 7742 8179 8207 8291 8382 8464 8504 16377 16404 16414 16425 16439 16467 16468 16469 16477 16492 16518 16572 16573 16590 16600 16617 16625 16627 16642 16655 16668 16695 16697 16705 16718 16730 16736 16742 16746 16769 16775 16782 16803 16804 16810 16824 16831 16848 16849 16867 16877 16888 16889 16895 16926 16954 16967 16974 17000 17012 17022 17041 17066 17073 17114 19260 26616 
	}
	weather={
	}
}
