
strategic_region={
	id=82
	name="STRATEGICREGION_82"
	provinces={
		85 111 342 375 827 1052 1407 1876 1912 1949 2113 2126 2322 2748 2766 3106 3427 3602 3716 4050 4056 4341 4355 4402 4450 4682 4764 4822 4915 5307 5459 5563 5894 6611 7196 7395 7782 7832 7889 8395 8522 8558 16421 16448 16455 16466 16472 16473 16481 16506 16507 16523 16544 16546 16560 16610 16662 16717 16753 16763 16764 16838 16872 16894 16917 16920 16936 16937 16953 16958 17002 17016 17017 17052 17070 17078 17084 17090 17139 17140 17184 19203 
	}
	weather={
		period={
			between={ 0.0 30.0 }
			temperature={ -10.0 35.0 }
			no_phenomenon=1.500
			rain_light=0.250
			rain_heavy=0.100
			snow=0.000
			blizzard=0.000
			arctic_water=0.000
			mud=0.000
			sandstorm=0.000
			min_snow_level=0.000
		}
	}
}
