
strategic_region={
	id=83
	name="STRATEGICREGION_83"
	provinces={
		17 189 263 440 583 843 859 904 957 1229 1262 1583 1610 1845 2000 3012 3302 3357 3831 3852 4014 4220 4232 4981 5156 5219 5440 5456 6156 6198 6396 6650 6652 7541 7650 7720 7967 15786 15834 15877 15908 15939 15942 15988 16002 16003 16042 16052 16059 16067 16068 16087 16090 16097 16104 16114 16124 16150 16157 16161 16176 16181 16182 16183 16190 16191 16198 16202 16212 16221 16236 16243 16255 16258 16259 16270 16278 16297 16299 16315 16330 16341 16369 16407 16410 16444 16445 16491 16539 
	}
	weather={
	}
}
