
strategic_region={
	id=84
	name="STRATEGICREGION_84"
	provinces={
		50 154 411 600 976 2076 2252 2437 2591 3004 3471 3481 3544 3634 4121 4862 4904 4988 5098 5434 6302 6800 7037 7552 7734 8197 8559 15855 15920 15934 15943 15972 16014 16023 16031 16073 16081 16082 16125 16126 16127 16131 16177 16184 16222 16223 16228 16237 16247 16261 16273 16279 16298 16308 16322 16323 16342 16348 16362 16364 16376 19160 19161 19190 26625 
	}
	weather={
		period={
			between={ 0.0 30.0 }
			temperature={ -10.0 35.0 }
			no_phenomenon=1.500
			rain_light=0.250
			rain_heavy=0.100
			snow=0.000
			blizzard=0.000
			arctic_water=0.000
			mud=0.000
			sandstorm=0.000
			min_snow_level=0.000
		}
	}
}
