
strategic_region={
	id=85
	name="STRATEGICREGION_85"
	provinces={
		232 517 540 851 1073 1265 1357 1398 1545 1574 1649 1690 1929 2056 2082 2146 2461 2687 2899 2961 3048 3551 3876 4153 4342 4470 4760 4775 5025 5311 5375 5448 5450 5700 5968 6030 6158 6169 6963 7423 7579 7633 7769 8015 8081 8206 8252 8297 8466 8511 15224 15225 15247 15260 15272 15283 15332 15391 15410 15430 15439 15440 15459 15468 15478 15482 15483 15495 15498 15499 15510 15516 15527 15528 15533 15537 15545 15546 15547 15552 15562 15563 15575 15586 15589 15611 15618 15624 15682 15686 15687 15691 15713 15716 15723 15731 15752 15758 15760 15767 15776 15795 15796 15797 15800 15837 15843 15860 15869 15878 15883 15909 15921 15924 15929 15937 15949 15950 15961 15965 16018 16024 16053 19110 19120 19131 19138 19144 
	}
	weather={
	}
}
