
strategic_region={
	id=9
	name="STRATEGICREGION_9"
	provinces={
		109 6118 80 162 321 473 653 688 876 1241 1370 1490 1590 1593 1926 1983 2185 2423 2484 2705 3018 3064 3267 3286 3418 3461 3584 3635 3671 3714 3854 3932 3994 4027 4040 4067 4112 4204 4290 4370 4534 4656 4660 4942 4977 5024 5330 5339 5543 5581 5724 5731 5887 6022 6061 6165 6301 6362 6382 6554 6641 6666 6679 6763 6839 7267 7317 7462 7546 7595 7798 7902 7907 7928 8094 17488 17489 17532 17545 17592 17611 17615 17620 17627 17645 17665 17685 17686 17691 17697 17698 17703 17712 17719 17727 17735 17741 17745 17751 17752 17779 17785 17793 17802 17808 17809 17833 17841 17856 17862 17863 17871 17884 17885 17890 17891 17892 17912 17915 17924 17934 17935 17942 17967 17976 17977 17978 17987 17993 17994 18004 18005 18010 18019 18023 18040 18041 18047 18053 18062 18063 18064 18069 18070 18081 18084 18097 18105 18106 18107 18108 18126 18137 18161 18174 19332 26686 26690 26691 
	}
	weather={
		period={
			between={ 0.0 30.0 }
			temperature={ -10.0 35.0 }
			no_phenomenon=1.500
			rain_light=0.250
			rain_heavy=0.100
			snow=0.000
			blizzard=0.000
			arctic_water=0.000
			mud=0.000
			sandstorm=0.000
			min_snow_level=0.000
		}
	}
}
