
strategic_region={
	id=97
	name="STRATEGICREGION_97"
	provinces={
		472 529 604 818 847 871 903 1044 1132 1174 1294 1384 1479 1629 1797 2925 3010 3041 3674 3734 3764 3982 4215 4271 4362 4469 4615 5001 5226 5537 5761 5953 6143 6314 6608 7157 7312 7580 7710 7915 8000 8257 8320 8377 14556 14586 14604 14610 14634 14646 14655 14656 14668 14676 14693 14716 14739 14751 14777 14784 14871 14872 14893 14910 14911 14917 14934 14940 14953 14995 15005 15006 15012 15023 15038 15055 15079 15099 15107 15111 15117 15134 15139 15166 19041 19052 19099 
	}
	weather={
		period={
			between={ 0.0 30.0 }
			temperature={ -10.0 35.0 }
			no_phenomenon=1.500
			rain_light=0.250
			rain_heavy=0.100
			snow=0.000
			blizzard=0.000
			arctic_water=0.000
			mud=0.000
			sandstorm=0.000
			min_snow_level=0.000
		}
	}
}
