
strategic_region={
	id=98
	name="STRATEGICREGION_98"
	provinces={
		6027 7698 7847 8183 11666 11696 11718 11744 12193 12216 12224 12254 18820 18842 18853 19408 19995 20795 20844 21023 21310 21466 21723 22261 22443 22484 22492 22706 22791 22942 23896 24118 24237 24242 24262 24282 24352 24522 24853 24917 24954 25047 25508 25516 25525 25537 25542 25556 25573 25588 25599 25611 25649 25666 
	}
	naval_terrain=water_shallow_sea
	weather={
		period={
			between={ 0.0 30.0 }
			temperature={ -10.0 35.0 }
			no_phenomenon=1.500
			rain_light=0.250
			rain_heavy=0.100
			snow=0.000
			blizzard=0.000
			arctic_water=0.000
			mud=0.000
			sandstorm=0.000
			min_snow_level=0.000
		}
	}
}
