1 10 4328 18388 4847 18414 18388 18407 853 5860 4847 18388 
1 2 4328 18407 
1 2 853 18388 
1 3 4847 853 18407 
1 4 5813 16898 7561 7755 
1 4 16802 16842 16876 16846 
1 9 16802 3397 16733 16698 16648 6605 16563 16542 3087 
1 9 4171 2480 16337 3861 16420 5129 16516 16555 6605 
1 3 5129 3604 8541 
1 2 2480 16235 
1 3 3087 2453 16542 
1 16 16698 1396 7592 8283 16738 16712 16673 16641 16595 8528 16517 16459 4134 7136 16513 3087 
1 8 6832 2981 1215 16682 16674 6489 16665 16641 
1 7 4134 4327 16329 16296 1583 440 189 
1 6 3397 2071 16809 5023 1350 16882 
1 2 8212 16882 
1 5 16979 16999 6093 6057 8212 
1 4 17104 17059 2817 8212 
1 5 17104 8420 17136 17126 17076 
1 30 1215 1219 16768 3657 16854 16893 1450 17007 6230 17095 205 3322 17222 4757 17272 2726 17330 2982 17223 17182 3234 7788 300 17030 16984 16943 16925 16887 16847 16811 
1 5 6832 8323 16741 379 16811 
1 4 4575 6192 2993 16811 
1 4 379 16756 16799 16811 
1 3 8323 16675 5005 
1 5 16799 7325 4076 16957 4924 
1 5 16957 16996 4341 17016 2766 
1 6 17016 8522 1949 3427 8558 16753 
1 8 16756 4645 16779 16781 16745 5361 2748 16753 
1 8 17090 2126 17184 4056 17139 4682 17017 2766 
1 2 17090 2766 
1 13 17017 4050 16920 16872 16838 1052 16764 5459 786 4822 4402 16717 16753 
1 3 16838 5563 267 
1 6 17184 6221 17267 17314 17378 4017 
1 11 4682 827 3602 5307 2900 17171 17224 17268 770 5253 6547 
1 2 4822 2113 
1 12 5361 2023 16632 16583 16544 7889 16523 16507 7782 4355 7742 786 
1 5 7782 4450 16421 16376 154 
1 5 154 3544 16261 16223 6302 
1 4 16298 4862 375 154 
1 4 375 6611 5894 7889 
1 11 16299 4981 16315 16330 6198 16341 7395 16455 342 6611 5894 
1 2 16560 5894 
1 6 17171 1910 17091 2655 5746 17047 
1 6 17047 42 3450 17269 5539 17374 
1 9 17047 7594 4345 807 8382 833 8207 16668 16627 
1 4 16627 16590 7426 1395 
1 5 7426 2382 16492 16468 4815 
1 12 4349 545 16769 16718 3237 16625 4832 2240 16477 6535 7074 16467 
1 7 3237 16655 1882 8179 16705 16742 16775 
1 5 6535 7318 16331 7090 16249 
1 16 6302 3471 16031 411 15920 8559 15855 15831 15782 15739 15690 15647 5051 8010 15505 15467 
1 7 8010 15588 15567 5699 15458 222 15467 
1 8 15690 3108 6487 15727 15744 15766 6019 15772 
1 5 15766 15793 15775 5336 6487 
1 3 15772 2418 15774 
1 5 2418 6948 8049 904 189 
1 2 189 16068 
1 3 895 1732 8049 
1 4 3471 16073 7734 3634 
1 6 16203 16158 6705 8252 5968 16018 
1 6 16018 15965 15924 15869 15837 15795 
1 3 15924 15937 15929 
1 3 15869 6158 15860 
1 5 15837 8081 15752 1357 15760 
1 2 1357 15687 
1 2 8081 15843 
1 8 15837 232 15713 3551 15624 6963 1545 15468 
1 12 1545 1398 15495 15459 15478 15498 15499 15482 1929 2899 15483 15516 
1 7 15225 15283 8206 5375 2056 6169 1929 
1 5 15271 15324 7602 3955 7380 
1 10 7579 4789 15709 15732 4863 15861 4287 15940 16028 4845 
1 7 4845 16072 16098 16102 2169 16053 8252 
1 4 15709 15745 15788 4863 
1 3 15788 7250 15789 
1 6 16072 16025 3967 15930 407 15940 
1 6 16331 6799 3890 16229 5905 16102 
1 8 4845 7588 16249 2632 16287 663 6234 4336 
1 2 6234 16309 
1 3 4336 119 663 
1 4 119 16192 16151 3568 
1 10 5318 5684 839 18450 18438 18445 1159 18455 18356 18355 
1 23 18355 4597 18299 640 6801 4401 2903 17991 5205 17868 17846 1152 17772 17716 17773 1152 17831 5069 17889 1953 18000 1496 18170 
1 5 5069 17881 17930 17882 17846 
1 3 17930 3399 18009 
1 7 4401 18117 1972 18204 18279 6814 3446 
1 7 6814 18354 775 18332 4354 6001 18170 
1 2 6001 28 
1 2 28 18431 
1 8 28 7015 18382 6518 4257 4962 4865 1101 
1 12 18170 2504 18220 18142 18102 370 3696 17922 17867 6982 17878 17840 
1 6 370 1441 18113 18180 68 18229 
1 12 17867 17830 3907 17763 3327 17711 5180 17630 17671 3212 6311 7498 
1 14 6311 17675 17734 17790 4787 17895 7219 6160 18075 1273 18209 18268 18237 18297 
1 5 18268 18322 714 1748 18229 
1 5 4865 195 1266 6021 18322 
1 5 6311 2138 1540 17817 3907 
1 3 18299 1017 18471 
1 2 18455 7605 
1 9 17790 3338 7521 3730 17715 5780 17730 7083 17778 
1 9 3730 17618 17590 7236 5247 715 17299 7886 17204 
1 5 7236 2823 1480 2324 17472 
1 4 5247 17444 6319 4178 
1 8 8555 18290 18236 1292 18036 17973 17919 17860 
1 5 18036 5475 18015 2182 6181 
1 3 1292 18179 18178 
1 3 18036 18031 5107 
1 3 17860 17836 7083 
1 3 17836 17888 5651 
1 17 17919 3778 7952 3187 17771 4890 3936 17585 5981 8173 17552 3809 17553 4226 5795 17650 5780 
1 2 3187 17918 
1 3 17778 17729 5322 
1 7 5795 17527 3813 2018 17397 17413 715 
1 7 5981 1247 17438 722 4664 3979 17230 
1 3 17230 17220 17283 
1 2 17230 17170 
1 3 17170 132 8043 
1 3 17170 17120 17075 
1 9 17230 17251 17323 6006 17288 6031 17293 3864 715 
1 4 2018 17387 5840 6006 
1 2 5840 7557 
1 9 1065 1879 7739 16493 16524 7208 16498 7145 7840 
1 5 7739 2918 16607 16643 16684 
1 4 2218 16749 16725 16684 
1 4 895 15971 1526 5456 
1 20 17075 3248 3839 16904 2294 6744 16711 4233 4565 4605 176 16427 773 16292 16233 16180 4975 7108 15987 985 
1 20 17204 7805 17094 17045 16998 761 16875 1977 16773 16724 8290 16599 16552 5033 1866 16361 671 7751 16227 566 
1 8 4233 16685 5344 1123 16761 3349 883 8290 
1 13 16241 165 7066 16233 1303 16245 16314 16319 671 16293 3816 3191 4171 
1 8 819 15646 15712 15750 916 15852 1130 985 
1 6 15712 424 6718 2439 4011 8349 
1 7 16235 16143 3071 7372 15948 15912 8349 
1 7 985 15956 4445 15880 187 15849 15912 
1 6 4445 15880 2398 15773 15757 6718 
1 12 2439 15664 15628 15605 2506 15585 559 15515 8361 15413 15350 15302 
1 17 15515 541 7634 2109 2276 15424 15365 4601 7942 6047 15245 903 1174 5761 15107 15117 2925 
1 11 16143 254 16205 8039 16269 16295 7760 16328 16243 16236 1583 
1 4 17076 2021 17064 17045 
1 6 15774 2759 15689 15665 3823 4676 
1 2 8212 16922 
1 6 17863 6679 6165 2741 17632 6707 
1 6 4877 6176 2946 2820 17633 6707 
1 4 4877 17328 3885 17331 
1 3 17328 2683 6684 
1 4 6441 5714 8437 1650 
1 4 17863 80 17891 17890 
1 6 17719 5724 17611 3018 17488 4977 
1 3 4027 17627 17611 
1 2 5724 17727 
1 3 4027 17545 17488 
1 4 1983 17698 17686 4027 
1 2 3018 17489 
1 4 17890 17924 5887 17942 
1 4 17891 17841 6554 17890 
1 4 17841 17785 17727 1983 
1 4 17863 5731 8094 6382 
1 17 5731 3854 7902 18053 18070 7678 18127 18153 18175 1367 8035 18252 4313 481 6010 4454 18462 
1 8 18462 4100 18422 18428 5480 7518 18441 18466 
1 3 18462 3484 5242 
1 2 6010 3484 
1 3 4454 18497 18550 
1 9 3854 18023 18084 5547 18248 18314 18375 18427 2819 
1 6 18375 8298 2381 18404 8308 7790 
1 2 8308 1581 
1 3 18404 18446 1256 
1 8 18404 18352 5871 6265 18164 560 5547 18248 
1 2 18164 18127 
1 11 18314 5283 18330 6461 18258 18313 5383 18285 18351 18403 3117 
1 8 3117 18475 6471 1686 18418 18426 575 2819 
1 8 18285 133 6770 18325 18373 2306 18292 18311 
1 3 18373 18312 5468 
1 8 18311 18304 4435 3401 18271 18324 4754 18323 
1 4 4754 325 18439 18483 
1 5 18311 18367 4497 18350 18292 
1 5 18367 18304 4435 18247 18292 
1 2 7470 18285 
1 4 18323 18300 5235 8031 
1 4 18300 984 1321 18080 
1 3 5235 18245 5416 
1 5 8031 18329 3332 18417 1650 
1 3 6831 18338 1650 
1 4 3332 2942 2910 18506 
1 8 18292 18226 18161 18097 6362 4040 1926 4534 
1 5 2820 5971 17737 832 17948 
1 5 6176 3351 3641 21 5971 
1 7 3641 17606 17642 2343 6361 451 1658 
1 7 8512 504 5184 3223 17872 6462 17948 
1 4 3223 18006 33 18186 
1 2 451 1633 
1 4 1658 6977 4012 8512 
1 5 8512 8030 2661 4959 17949 
1 7 1658 17653 17621 17607 4461 4586 17508 
1 3 812 17464 17508 
1 14 17508 17556 2137 17479 17456 1399 17448 1847 17449 4122 7304 17490 17491 17516 
1 6 1682 2780 17341 8061 17491 17516 
1 7 17516 1172 6510 17465 5605 4009 4593 
1 8 1172 17557 2327 3914 17744 17796 17859 17939 
1 10 17516 5625 17681 17738 725 2282 7197 5923 18129 18154 
1 6 17949 5126 2167 17950 3121 2120 
1 3 17950 1225 2657 
1 8 697 6173 18334 3097 3173 2620 5462 18129 
1 4 2128 18377 5204 697 
1 3 4253 6954 17359 
1 9 2343 1375 7348 17349 17275 676 17172 17151 17116 
1 5 17151 17101 17055 6502 71 
1 11 6502 7785 17056 2030 17051 4302 17061 17102 6000 7328 1323 
1 4 17051 6378 16929 7445 
1 5 16835 16864 5882 16822 4036 
1 5 4036 16826 5653 16901 16878 
1 9 5653 659 5928 3155 5576 16644 16602 8403 16499 
1 2 659 16758 
1 4 16430 3687 16519 16548 
1 2 16519 5426 
1 5 3687 16500 16440 1053 16430 
1 4 17201 1004 7393 16985 
1 7 17455 3566 3546 4658 6728 17477 701 
1 4 701 17531 17588 17645 
1 4 17645 2484 17678 433 
1 5 701 17446 17392 17362 6184 
1 6 701 17542 6890 17544 17541 182 
1 6 17163 17080 17054 16991 16960 4356 
1 6 5525 16861 16850 16858 526 5790 
1 4 17601 5877 2604 17651 
1 2 2604 3516 
1 2 5877 17530 
1 4 1286 6126 7776 5669 
