
state = {
	id = 27
	name = "STATE_27"
	manpower = 1950000  # 39 people
	buildings_max_level_factor = 1.000
	local_supplies = 0.000
	state_category = large_city

	provinces = {
		38 175 266 323 497 508 761 883 1007 1123 1467 1495 1538 1602 1806 1977 2043 2127 2171 2205 2223 2294 2351 2384 2514 2546 2584 2611 2722 2739 2784 2897 3115 3248 3349 3430 3480 3494 3561 3562 3605 3728 3758 3761 3839 4054 4124 4233 4565 4592 4605 4632 4653 5033 5344 5552 5693 5718 5774 5956 6193 6227 6457 6577 6744 6958 7155 7805 7817 7865 7882 8113 8178 8191 8198 8290 16471 16511 16526 16532 16538 16550 16551 16552 16553 16566 16571 16575 16580 16598 16599 16616 16626 16639 16646 16660 16672 16685 16686 16687 16688 16693 16694 16703 16709 16710 16711 16721 16722 16723 16724 16729 16751 16752 16755 16761 16767 16772 16773 16774 16780 16791 16794 16795 16808 16814 16818 16819 16828 16836 16840 16841 16853 16857 16874 16875 16880 16881 16892 16904 16905 16914 16919 16922 16934 16939 16946 16956 16962 16971 16978 16982 16987 16988 16989 16995 16997 16998 17001 17006 17025 17029 17037 17038 17044 17045 17063 17064 17072 17075 17083 17086 17093 17094 17103 17112 17120 17154 17173 19228 19230 19232 19255 19261 19275 26623 
	}

	history = {
		
		owner = AUR

		add_core_of = AUR

		victory_points = { 17093 15 }

		victory_points = { 175 1 }

	}

}
