
state={
	id=29
	name="STATE_29"

	history={
		owner = AUR
		add_core_of = AUR
		victory_points = {
			1356 3 
		}

	}

	provinces={
		165 176 332 656 773 1303 1356 1763 1866 2060 2607 2749 3244 3260 3353 3789 4323 4523 4818 4852 4866 4973 5050 5083 5290 5317 5629 5690 5764 6161 6248 6295 6942 7066 7593 8319 8340 8413 15974 16001 16017 16066 16096 16112 16118 16148 16160 16180 16200 16220 16233 16240 16241 16252 16253 16264 16284 16292 16303 16314 16350 16355 16363 16393 16396 16397 16402 16403 16427 16442 16443 16447 16453 16479 16486 16490 16530 16565 16608 16645 
	}
	manpower=450000
	buildings_max_level_factor=1.000
	state_category=rural
	local_supplies=0.000
}
