
state={
	id=295
	name="STATE_295"
	provinces={
		79 535 1401 1414 1765 2017 2837 2970 3056 3609 5838 6572 7047 7097 7204 7392 7420 7529 7759 8255 8365 13933 13960 14009 14022 14056 14084 14116 14123 14149 14157 14168 14169 14199 14209 14219 14262 14322 14364 14371 14382 14389 14421 14429 14431 14435 14461 14462 14465 14493 14498 14513 14544 14564 
	}

	history={

		owner = LUX

		add_core_of = LUX
		
		victory_points = {
			14429 25  
		}

	}

	manpower=2050000 # 41 peoplee
	buildings_max_level_factor=1.000
	state_category=large_city
	local_supplies=0.000

}
