
state={
	id=298
	name="STATE_298"
	provinces={
		61 893 999 1938 2483 2774 3487 3736 3867 4639 5046 5186 5895 6168 6210 6303 6320 6940 7280 7322 7486 7555 7600 7933 8503 13917 13953 13973 13996 13997 14090 14126 14127 14148 14167 14176 14182 14196 14198 14218 14227 14228 14241 14261 14265 14295 14296 14321 14326 14370 14399 14413 14441 14444 14452 14492 14499 
	}

	history={

		owner = AAZ 

		add_core_of = AAZ 
		
		victory_points = {
			13997 3 
		}

	}

	manpower=200000 # 4 peoplee
	buildings_max_level_factor=1.000
	state_category=rural
	local_supplies=0.000

}
