
state={
	id=299
	name="STATE_299"

	history={
		owner = LUX
		add_core_of = LUX
		add_core_of = HSY
		victory_points = {
			1258 5 
		}

	}

	provinces={
		239 303 767 1258 1283 1440 1566 1691 1738 2426 2515 2871 3254 3398 3963 4155 4265 4284 4585 5035 5153 5367 5405 5447 5485 5487 5571 6154 6468 6614 6672 6974 7077 7408 7819 7890 7981 8070 8439 8459 8469 14156 14175 14181 14202 14232 14233 14239 14240 14248 14260 14279 14293 14294 14310 14333 14334 14335 14349 14355 14359 14363 14369 14377 14416 14427 14428 14450 14451 14464 14471 14472 14491 14503 14504 14509 14512 14532 14548 14554 14555 14563 14567 14571 14572 14585 14596 14603 14609 14619 14641 14654 14697 19015 19033 19036 19038 
	}
	manpower=700000
	buildings_max_level_factor=1.000
	state_category=town
	local_supplies=0.000
}
