
state={
	id=301
	name="STATE_301"

	history={
		owner = HUI
		add_core_of = HUI
		victory_points = {
			161 10 
		}
		victory_points = {
			3033 1 
		}
		victory_points = {
			13384 1 
		}

	}

	provinces={
		161 177 279 476 729 1061 1559 1603 1626 2102 2525 3033 3253 3596 3997 4243 4552 4613 4685 4745 5082 5197 5261 6780 7390 7855 8456 13183 13202 13230 13239 13245 13256 13257 13262 13285 13295 13319 13333 13334 13355 13360 13384 13399 13408 13426 13446 13451 13452 13458 13477 13496 13503 13524 13532 13539 13550 13574 13595 13596 13609 13663 13731 13745 18938 18941 18948 18968 
	}
	manpower=1150000
	buildings_max_level_factor=1.000
	state_category=large_town
	local_supplies=0.000
}
