
state={
	id=302
	name="STATE_302"
	provinces={
		820 1009 1114 1150 1173 1389 1740 2191 2329 2795 2952 3321 3378 4172 4539 4886 5801 6102 6794 6902 7534 8452 13597 13618 13633 13664 13671 13697 13700 13722 13732 13766 13779 13781 13788 13822 13823 13826 13834 13838 13846 13859 13886 13925 13959 13972 13982 14014 14031 14052 14055 14069 14097 18999 
	}

	history={

		owner = HUI 

		add_core_of = HUI 
		
		victory_points = {
			13823 5 
		}

	}

	manpower=400000 # 8 peoplee
	buildings_max_level_factor=1.000
	state_category=town
	local_supplies=0.000

}
