
state={
	id=303
	name="STATE_303"
	provinces={
		53 87 333 352 519 615 829 994 1730 1960 2098 2390 2527 2997 3617 3923 4364 4444 4750 5586 5910 6367 6703 6868 7137 7165 7738 7821 7869 7901 13167 13171 13206 13212 13240 13254 13272 13320 13356 13386 13395 13402 13461 13462 13478 13510 13533 13551 13598 13619 13642 13646 13658 13680 13684 13685 13701 13746 13747 13748 13839 26615 
	}
	history={

		owner = HUI 

		add_core_of = HUI 
		
		victory_points = {
			1960 25 
		}

	}

	manpower=2250000 # 45 peoplee
	buildings_max_level_factor=1.000
	state_category=city
	local_supplies=0.000
}
