
state={
	id=327
	name="STATE_327"
	provinces={
		113 255 661 696 978 995 1095 2664 2776 3359 3715 3798 3930 4130 4573 4903 4905 5266 5500 6115 6249 14523 14573 14587 14598 14600 14611 14630 14635 14643 14651 14665 14671 14681 14684 14687 14712 14713 14725 14726 14727 14743 14758 14762 14768 14769 14794 14804 14822 14839 14859 14860 19026 19028 
	}

	history={

		owner = LIR 

		add_core_of = LIR 

		victory_points = {
			6115 3
		}

	}

	manpower=250000 # 5 people
	buildings_max_level_factor=1.000
	state_category=rural
	local_supplies=0.000

}
