
state={
	id=34
	name="STATE_34"

	history={
		owner = AUR
		add_core_of = AUR
		victory_points = {
			15605 10 
		}

		buildings = {
			infrastructure = 3

			industrial_complex = 2
			arms_factory = 1
			dockyard = 1

			15628 = {
				naval_base = 7
			}
		}

	}

	resources = {
		oil = 3
		tungsten = 1
		steel = 3
	}

	provinces={
		142 335 470 501 541 559 608 1086 1476 1615 1638 1653 1731 1809 1905 1994 2107 2109 2276 2291 2398 2402 2439 2506 2559 2951 3128 3195 3202 3258 3383 3759 3892 4011 4187 4239 4278 4283 4377 4459 4595 4601 4644 4801 4806 5040 5650 5886 5950 6032 6047 6128 6189 6420 6718 7017 7355 7507 7634 7887 7942 8361 8424 8436 8561 15208 15245 15246 15282 15289 15290 15339 15340 15365 15396 15424 15438 15452 15465 15503 15504 15509 15515 15521 15542 15543 15551 15554 15561 15585 15593 15605 15609 15617 15628 15629 15634 15636 15642 15643 15652 15653 15658 15664 15670 15680 15681 15707 15708 15720 15721 15726 15738 15741 15757 15773 15781 15785 15814 15825 15859 15863 15873 15876 15880 15903 15913 15933 15957 19109 19117 19122 
	}
	manpower=1300000
	buildings_max_level_factor=1.000
	state_category=city
	local_supplies=0.000
}
