
state={
	id=387
	name="STATE_387"
	provinces={
		125 273 367 543 601 693 1005 1165 1255 1261 1276 1516 1546 1729 1965 2298 2440 3139 3164 3210 3712 4410 4834 4843 4907 5291 5596 5862 5879 6452 6721 6806 6821 7032 7051 7257 7964 8096 8231 8389 8465 8570 14113 14121 14231 14246 14277 14308 14340 14344 14345 14368 14374 14375 14376 14381 14385 14403 14426 14440 14463 14478 14488 14489 14506 14520 14537 14599 14615 14648 14683 14701 14708 14724 14736 14744 26618 
	}

	history={

		owner = KAR 

		add_core_of = KAR 

		victory_points = {
			8411 10
		}

	}

	manpower=850000 # 17 people
	buildings_max_level_factor=1.000
	state_category=large_town
	local_supplies=0.000
	
}
