
state={
	id=394
	name="STATE_394"
	provinces={
		274 283 1103 1199 1482 1552 1632 1958 2465 2606 2790 3386 3438 4086 4298 4487 4559 4692 5148 5377 5917 6222 6276 6335 6352 6805 6815 7094 7293 7753 8109 8234 8423 8450 8458 14673 14674 14709 14742 14753 14760 14765 14782 14799 14813 14820 14829 14847 14855 14869 14870 14902 14922 14945 14946 14965 14975 14978 14979 14983 14984 15008 15009 15010 15016 15034 15036 15040 15050 15058 15072 15106 15116 19091 
	}

	history={

		owner = IAU 

		add_core_of = IAU 

		victory_points = {
			15050 30
		}

	}

	manpower=3900000 # 78 people
	buildings_max_level_factor=1.000
	state_category=metropolis
	local_supplies=0.000

}
