
state={
	id=402
	name="STATE_402"
	provinces={
		1041 1586 1688 2251 2735 3092 3263 3698 3718 3729 3811 4649 4663 4804 4995 5034 5588 5603 5913 6004 6195 6609 7220 7922 7990 14539 14566 14578 14617 14618 14622 14649 14663 14666 14691 14702 14710 14711 14733 14754 14755 14779 14783 14791 14807 14814 14828 14837 14851 14852 14864 14865 14881 14885 14903 14915 
	}

	history={

		owner = DAP 

		add_core_of = DAP 

		victory_points = {
			7990 10
		}

	}

	manpower=1500000 # 23 people
	buildings_max_level_factor=1.000
	state_category=large_town
	local_supplies=0.000
	
}
