
state={
	id=407
	name="STATE_407"
	provinces={
		689 816 917 987 1471 1554 1871 2134 2144 2357 2462 2535 2593 2728 3192 3576 3902 4462 4468 4637 4698 4717 4940 5210 5276 6225 6339 6651 6820 6822 6876 7078 7719 7789 8025 8103 14060 14083 14096 14105 14115 14125 14135 14147 14155 14174 14201 14215 14217 14226 14238 14247 14252 14253 14275 14276 14302 14307 14309 14315 14348 14352 14361 14362 14387 14406 14412 14497 
	}

	history={

		owner = KAR 

		add_core_of = KAR 

		victory_points = {
			8103 20
		}

	}

	manpower=1750000 # 35 people
	buildings_max_level_factor=1.000
	state_category=city
	local_supplies=0.000

}
