
state={
	id=408
	name="STATE_408"
	provinces={
		203 502 574 910 1238 1281 1380 1856 2158 2377 2388 2631 3312 3458 3713 3720 3806 4729 5102 5395 5722 5811 5973 6043 6211 6579 7013 7033 7038 7114 7118 8038 8046 8053 8237 8484 8537 14068 14095 14114 14145 14154 14189 14236 14237 14278 14332 14347 14354 14366 14386 14398 14404 14415 14447 14448 14460 14480 14521 14538 14546 14552 14594 14616 14638 14639 14696 
	}

	history={

		owner = IAU 

		add_core_of = IAU 

		victory_points = {
			2631 15
		}

	}

	manpower=1300000 # 26 people
	buildings_max_level_factor=1.000
	state_category=city
	local_supplies=0.000

}
