
state={
	id=445
	name="STATE_445"
	provinces={
		664 733 977 1064 1271 1284 1307 1417 1676 1775 2412 2666 3695 4156 4562 4710 4854 5591 5875 6537 6643 6716 6975 6987 7019 7058 7249 7289 7299 7365 8305 13181 13233 13282 13300 13313 13323 13352 13358 13365 13366 13376 13404 13405 13424 13455 13456 13467 13488 13495 13547 13559 13560 13615 13669 13704 13705 13721 13756 13799 14012 14038 14074 14094 14187 
	}

	history={

		owner = VRA 

		add_core_of = VRA 

		victory_points = {
			13705 3
		}

	}

	manpower=950000 # 19 people
	buildings_max_level_factor=1.000
	state_category=large_town
	local_supplies=0.000

}
