state={
	id=507
	name="STATE_507"
	provinces={
		237 415 635 700 1039 1438 2195 3029 3424 4882 5599 5769 7085 7123 7884 10170 10180 10199 10223 10224 10276 10284 10313 10324 10342 10383 10429 10438 10490 10524 268 469 1777 2333 2716 3323 5202 5493 9987 9988 9999 10012 10027 10041 10055 10071 10093 10119 10122 10139 10154 10155 
	}
	manpower=200000
	buildings_max_level_factor=1.000
	local_supplies=0.000
	state_category=town

history=
	{
		owner = NAJ
		controller = NAJ
		add_core_of = NAJ
		
	
	}
}
