
state={
	id=555
	name="STATE_555"
	provinces={
		57 204 1135 1513 1606 2312 2626 2629 2678 2746 2791 3818 3860 4053 4276 4519 4982 5437 5481 5676 5807 5808 5915 6546 6734 6848 6961 7089 7153 7479 7688 7793 7885 12789 12808 12850 12855 12890 12901 12933 12989 12992 13007 13025 13049 13060 13079 13097 13098 13126 13131 13135 13170 13172 13185 13186 13195 13205 13227 13244 18940 18958 26624 
	}

	history={

		owner = YIM 

		add_core_of = YIM 

		victory_points = {
			5915 30
		}		
		

	}

	manpower=2750000 # 55 people
	buildings_max_level_factor=1.000
	state_category=large_city

}
