
state={
	id=568
	name="STATE_568"
	provinces={
		298 593 727 809 950 1243 1305 1604 1908 1981 2034 2119 2598 2775 3075 3276 3626 3828 4060 4091 5101 5134 5371 5819 6153 6330 6372 6919 7556 7655 11973 12011 12028 12041 12053 12062 12065 12066 12101 12102 12111 12132 12137 12166 12172 12190 12206 12207 12221 12237 12244 12255 12269 12270 12280 12281 12282 12286 12302 12317 12318 12325 12352 12365 12371 12374 12398 12450 12482 
	}

	history={

		owner = YIM 

		add_core_of = YIM 

		victory_points = {
			12166 5
		}

	}

	manpower=600000 # 12 people
	buildings_max_level_factor=1.000
	state_category=town
}
