
state={
	id=569
	name="STATE_569"
	provinces={
		238 705 849 1240 1260 1322 1723 2104 2610 2767 3204 3270 3284 3392 3633 3807 3977 4306 4708 4800 4969 5110 5257 5399 5728 6174 6386 6542 6739 7086 7240 7728 8150 8538 11985 12036 12042 12124 12138 12139 12156 12167 12191 12208 12274 12287 12307 12326 12347 12353 12375 12388 12406 12409 12441 12455 12460 12483 12496 12514 12559 
	}

	history={

		owner = YIM 

		add_core_of = YIM 

		victory_points = {
			12167 3
		}

		victory_points = {
			12455 1
		}

	}

	manpower=400000 # 8 people
	buildings_max_level_factor=1.000
	state_category=town
}
