
state={
	id=570
	name="STATE_570"
	provinces={
		76 756 1250 1521 1619 1665 1709 2062 2079 2204 2474 2570 2580 2654 2931 3110 3126 3138 3179 3675 4207 4244 4268 5093 5989 6034 6238 6424 6588 6647 6904 8056 8073 8245 12337 12368 12389 12407 12424 12445 12465 12488 12502 12521 12522 12528 12545 12548 12560 12561 12587 12607 12614 12615 12616 12629 12640 12642 12643 12654 12659 12681 12687 12698 12713 12717 12729 12737 12743 12750 12760 12761 12782 12787 12823 12824 
	}

	history={

		owner = YIM 

		add_core_of = YIM 

		victory_points = {
			5989 25
		}

	}

	manpower=2500000 # 50 people
	buildings_max_level_factor=1.000
	state_category=large_city

}
