
state={
	id=572
	name="STATE_572"

	history={
		owner = YIM
		add_core_of = YIM
		victory_points = {
			6737 1 
		}
		victory_points = {
			4197 1 
		}
		victory_points = {
			4965 1 
		}
		victory_points = {
			8487 1 
		}

	}

	provinces={
		200 960 1362 1881 1894 2064 2459 2553 2803 3311 3834 4034 4197 4530 4720 4779 4965 4983 5510 6412 6737 7063 7178 7551 7668 7725 12192 12201 12222 12238 12249 12275 12288 12298 12299 12308 12313 12333 12334 12338 12343 12344 12360 12361 12378 12379 12380 12383 12410 12411 12412 12416 12425 12437 12442 12456 12467 12510 12540 12550 12572 12588 12622 12625 12661 13005 18898 18905 18906 18911 18913 18923 18925 18928 18931 18932 
	}
	manpower=550000
	buildings_max_level_factor=1.000
	state_category=town
	local_supplies=0.000
}
