
state={
	id=575
	name="STATE_575"
	provinces={
		264 973 1870 2111 2253 2293 2478 2948 3369 3452 3540 3688 3883 4765 4976 5232 5575 6099 6104 6355 6433 6694 6698 6711 8102 8441 11848 11880 11923 11931 11951 11957 11961 11982 11995 11996 11997 12006 12023 12030 12037 12038 12045 12070 12079 12091 12092 12104 12109 12117 12145 12153 12164 12180 12181 12189 12194 12198 12202 12218 12219 12223 12250 12256 12304 12309 12339 12387 18862 18866 18878 18880 18883 18884 
	}

	history={

		owner = YIM 

		add_core_of = YIM 

		victory_points = {
			11961 1
		}

	}

	manpower=1500000 # 3 people
	buildings_max_level_factor=1.000
	state_category=rural

}
