
state={
	id=576
	name="STATE_576"
	provinces={
		8 441 503 507 703 748 884 1213 1226 1415 1523 2540 2821 3057 3468 3477 3748 3913 4000 4357 4457 4558 4902 5004 5189 5250 5436 5658 5719 5744 5810 5967 6207 6381 6659 6725 6841 7233 7669 8203 12741 12744 12788 12816 12884 12927 12949 12960 12986 13000 13030 13042 13068 13072 13099 13100 13121 13127 13151 13180 13238 13251 13304 13364 13383 13394 13411 13445 13474 
	}

	history={

		owner = IMP 

		add_core_of = IMP 

		victory_points = {
			13030 3
		}

		victory_points = {
			7661 1
		}

		victory_points = {
			4558 1
		}

	}

	manpower=550000 # 11 people
	buildings_max_level_factor=1.000
	state_category=town

}
