
state={
	id=580
	name="STATE_580"
	provinces={
		488 609 879 1171 1561 1659 2411 2455 2481 2587 3613 3691 3768 3801 3884 3887 4073 4550 4791 5258 5271 5341 5647 6063 6795 7397 7971 12395 12432 12446 12494 12503 12507 12529 12533 12534 12541 12546 12570 12598 12604 12617 12626 12645 12655 12664 12670 12673 12693 12694 12699 12703 12708 12714 12735 12762 12770 12796 12837 18926 
	}

	history={

		owner = IMP 

		add_core_of = IMP 

		victory_points = {
			879 5
		}

		victory_points = {
			12598 1
		}

	}

	manpower=750000 # 15 people
	buildings_max_level_factor=1.000
	state_category=town


}
