
state={
	id=583
	name="STATE_583"
	provinces={
		41 65 231 280 564 737 936 1069 1343 1685 1760 2816 3046 3172 3425 3545 3577 3984 4346 4630 4718 4811 5174 5567 5753 5809 6064 6106 6229 6758 6922 7609 7636 8567 11874 11885 11901 11920 11921 11932 11943 11976 12024 12027 12031 12046 12075 12096 12113 12134 12146 12157 12173 12186 12195 12203 12212 12220 12227 12228 12232 12245 12251 12262 12263 12276 12289 12300 12305 12310 12319 12320 12329 12345 12346 12362 12369 18889 26651 
	}

	history={

		owner = IMP 

		add_core_of = IMP 

		victory_points = {
			3172 15
		}

		victory_points = {
			936 3
		}

		victory_points = {
			12310 1
		}

		victory_points = {
			12157 1
		}

	}

	manpower=2450000 # 49 people
	buildings_max_level_factor=1.000
	state_category=large_city

}
