
state={
	id=585
	name="STATE_585"
	provinces={
		810 919 1246 1274 1508 1630 1895 2148 2600 2883 2949 2963 2965 3265 3320 3873 4107 4182 4398 4413 4421 4743 5548 5732 5974 6087 6720 6729 7597 7598 7646 8216 11572 11591 11600 11613 11642 11669 11688 11695 11698 11735 11743 11774 11781 11786 11791 11805 11810 11838 11844 11856 11870 11875 11876 11906 11912 11940 11949 11953 11967 11977 11988 11999 12003 12032 12056 12076 12097 12106 12128 12141 12174 12178 12182 12183 12196 12229 18784 18819 18825 18844 18851 18858 18869 18870 
	}

	history={

		owner = IMP 

		add_core_of = IMP 

		victory_points = {
			4413 15
		}

	}

	manpower=1800000 # 36 people
	buildings_max_level_factor=1.000
	state_category=city

}
