
state={
	id=587
	name="STATE_587"
	provinces={
		276 557 1079 1085 2592 2616 2979 3144 3238 3894 4108 4191 4212 4289 4567 5053 5208 5419 5687 6407 6665 6690 7161 7519 7730 7744 7766 7891 8092 8236 11610 11640 11676 11682 11693 11706 11710 11720 11721 11741 11750 11757 11758 11759 11776 11788 11789 11794 11801 11813 11816 11821 11834 11836 11851 11863 11867 11873 11890 11910 11956 
	}

	history={

		owner = IMP 

		add_core_of = IMP 

		victory_points = {
			11720 10
		}

	}

	manpower=1150000 # 23 people
	buildings_max_level_factor=1.000
	state_category=large_town

}
