
state={
	id=591
	name="STATE_591"
	provinces={
		114 117 598 741 762 1461 1598 1663 1673 1706 1708 2091 2807 3132 3161 3217 3441 3457 3670 3723 3859 3999 4498 4778 4821 5049 5054 5527 5583 5613 5730 5736 5773 5852 6185 6283 6898 6901 7042 7455 7525 7567 7657 7667 7676 8279 8366 8535 11214 11253 11257 11280 11325 11340 11346 11349 11365 11370 11378 11379 11392 11396 11400 11401 11420 11432 11436 11437 11439 11448 11471 11475 11502 11509 11515 11519 11523 11530 11536 11540 11547 11555 11556 11581 11582 11584 11586 11603 11604 11608 11623 11637 11659 11660 11668 11672 11687 11705 11753 11779 11780 11812 26649 
	}

	history={

		owner = IMP 

		add_core_of = IMP 

		victory_points = {
			3457 5
		}

	}

	manpower=650000 # 13 people
	buildings_max_level_factor=1.000
	state_category=town

}
