
state={
	id=603
	name="STATE_603"
	provinces={
		78 419 620 817 955 1049 1365 1425 1502 1712 1743 1821 2033 2177 2270 2364 2431 2555 2984 3140 3228 3318 3658 3724 3769 4003 5066 5168 5683 5763 6008 6098 6500 6511 6591 7030 7305 7332 7508 7714 7830 7935 10970 11005 11008 11026 11032 11065 11066 11084 11099 11114 11121 11134 11138 11163 11168 11177 11184 11188 11189 11193 11202 11209 11224 11225 11231 11232 11240 11241 11252 11256 11267 11278 11279 11282 11286 11293 11294 11308 11309 11324 11327 11330 11331 11339 11345 11385 11391 11407 11410 11452 
	}

	history={

		owner = IMP 

		add_core_of = IMP 

		victory_points = {
			620 3
		}

	}

	manpower=250000 # 5 people
	buildings_max_level_factor=1.000
	state_category=rural

}

