
state={
	id=604
	name="STATE_604"
	provinces={
		62 251 362 378 836 929 1063 1527 1547 1609 2594 2671 3069 3619 3777 3911 4419 4420 4914 5331 5421 5585 5954 6133 6217 6490 6634 6746 6892 7315 7621 7944 8093 8170 8327 10562 10604 10605 10632 10636 10644 10671 10680 10684 10705 10706 10711 10718 10724 10734 10745 10746 10757 10769 10770 10772 10779 10796 10804 10820 10839 10847 10872 10879 10880 10893 10901 10906 10918 10957 10997 11051 26643 
	}

	history={

		owner = IMP 

		add_core_of = IMP 

		victory_points = {
			10684 3
		}

	}

	manpower=250000 # 5 people
	buildings_max_level_factor=1.000
	state_category=rural

}
