
state={
	id=608
	name="STATE_608"
	provinces={
		217 297 307 487 1176 1178 1465 1770 1815 1893 2260 2630 2647 2670 2806 2877 2959 3043 3065 3354 3436 3486 3491 3533 3850 3965 4061 4194 4546 4827 5609 5738 5993 6291 6356 6538 6561 6702 6742 6769 6989 7048 7485 7487 7511 7596 7838 7906 7923 8210 8223 8287 8508 10693 10717 10833 10846 10858 10885 10905 10925 10946 10961 10969 11017 11025 11031 11044 11078 11093 11094 11095 11098 11113 11137 11145 11146 11152 11155 11162 11175 11176 11200 11201 11208 11223 11230 11259 11277 11281 11300 11305 11317 11343 11344 11353 11369 11395 11399 11425 11426 11435 11474 11529 11538 11571 18769 
	}

	history={

		owner = IMP 

		add_core_of = IMP 

		add_core_of = BAR

		victory_points = {
			2877 10
		}

		victory_points = {
			7487 2
		}

		victory_points = {
			6742 1
		}

	}

	manpower=1250000 # 25 people
	buildings_max_level_factor=1.000
	state_category=city


}
