
state={
	id=621
	name="STATE_621"
	provinces={
		261 355 402 525 980 1145 1157 1190 1405 1961 1986 2317 2376 2809 2866 2929 3137 3279 3557 3663 4148 4400 5199 5638 5754 6109 6147 6389 6613 7004 7183 7746 8045 8111 8229 10049 10096 10100 10134 10174 10177 10195 10222 10304 10353 10358 10359 10360 10399 10404 10412 10442 10455 10460 10485 10486 10501 10508 10514 10548 10567 10576 10595 10606 10647 10692 10696 10730 10731 10767 10768 10832 10857 10876 10891 10929 10964 10987 11021 18691 
	}

	history={

		owner = IMP 

		add_core_of = IMP 

		add_core_of = BAR

		victory_points = {
			10576 20
		}

	}

	manpower=1950000 # 39 people
	buildings_max_level_factor=1.000
	state_category=city

}
