
state={
	id=630
	name="STATE_630"
	provinces={
		171 591 886 969 1148 2217 2693 3133 3465 3585 3836 3838 3976 4396 4622 5041 6447 6642 6686 7156 7391 7692 7974 8363 8404 12356 12391 12422 12452 12490 12504 12537 12551 12552 12562 12577 12578 12600 12608 12632 12662 12682 12695 12700 12704 12719 12742 12746 12764 12800 12835 18886 18927 
	}

	history={

		owner = ALD 

		add_core_of = ALD 

		victory_points = {
			6686 15
		}

	}

	manpower=1450000 # 29 people
	buildings_max_level_factor=1.000
	state_category=city

}
