
state={
	id=666
	name="STATE_666"
	provinces={
		220 336 813 1110 1137 1779 2037 2286 3388 3603 4482 5546 7164 7768 8369 10599 10628 10629 10720 10738 10759 10766 10775 10815 10830 10831 10842 10874 10883 10884 10896 10922 10937 10938 10960 10984 10985 11015 11029 11033 11054 11055 11057 11060 11080 11150 11157 11196 11217 11238 18766 
	}

	history={

		owner = AVD 

		add_core_of = AVD 

		victory_points = {
			11054 20
		}

	}

	manpower=2150000 # 43 people
	buildings_max_level_factor=1.000
	state_category=city

}
