
state={
	id=690
	name="STATE_690"
	provinces={
		311 482 678 753 754 794 1369 2002 2038 2517 2585 2730 2754 2818 3050 3878 4511 5161 5273 5688 5963 5996 6172 6191 6496 6563 6866 6915 7217 7364 7537 9357 9393 9401 9402 9408 9430 9448 9460 9478 9485 9486 9495 9499 9504 9516 9522 9526 9532 9537 9547 9580 9591 9622 9635 9660 9724 9764 9789 
	}

	history={

		owner = ASK 

		add_core_of = ASK 

		victory_points = {
			6496 20
		}
		victory_points = {
			2585 4
		}


	}

	manpower=2500000 # 50 people
	buildings_max_level_factor=1.000
	state_category=large_city

}
