
state={
	id=703
	name="STATE_703"
	provinces={
		163 185 210 1029 1242 1291 1437 1543 1645 1995 2288 2292 2302 2309 2430 2633 2833 2874 3511 3868 4198 4465 4473 4939 5010 5274 5486 6052 7045 7231 7682 7883 8462 9659 9668 9674 9719 9723 9757 9763 9772 9785 9788 9796 9806 9818 9831 9835 9837 9846 9847 9855 9869 9870 9892 9898 9918 9932 9938 9949 9973 9974 9983 10020 18651 18653 26635 
	}

	history={

		owner = ASK 

		add_core_of = ASK 

		add_core_of = AND 

		victory_points = {
			9898 9
		}

	}

	manpower=900000 # 18 people
	buildings_max_level_factor=1.000
	state_category=large_town

}
