
state={
	id=720
	name="STATE_720"
	provinces={
		63 77 153 450 624 650 848 988 1692 1722 2112 2129 2142 2155 2494 2519 2770 2876 3094 3206 3214 3653 3832 4799 5121 5321 5346 5916 5997 6148 6324 6482 6616 6885 6965 7523 7995 8107 8251 8443 8556 8577 8578 8579 8580 8581 8582 8635 8636 8655 8660 8682 8688 8693 8703 8709 8730 8734 8735 8744 8745 8749 8756 8770 8779 8780 8781 8794 8795 8796 8799 8800 8803 8804 8808 8825 8832 8840 8846 8863 8878 8879 8887 8908 8963 18571 26628 
	}

	history = {
		owner = AND 

		add_core_of = AND 

		victory_points = {
			8709 3
		}
		victory_points = {
			5346 3
		}
		victory_points = {
			2876 2
		}

	}

	manpower=1900000 # 16 people
	buildings_max_level_factor=1.000
	local_supplies=0.000
	state_category=city
	
}
