
state = {
	id = 79
	name = "STATE_79"
	manpower = 450000 # 9 people
	buildings_max_level_factor = 1.000
	local_supplies = 0.000
	state_category = town

	provinces = {
		465 500 588 772 812 845 971 1399 1404 1614 1830 2036 2137 2295 2554 2694 2696 3319 3919 4361 4431 4461 4586 5056 5163 5303 5389 5692 5935 6157 6256 6630 7000 7333 7484 7619 7893 7929 8095 8201 17188 17213 17241 17255 17270 17297 17301 17310 17315 17316 17350 17351 17364 17368 17375 17399 17415 17416 17456 17464 17479 17507 17508 17546 17556 17561 17572 17573 17574 17598 17622 17660 17661 17680 17687 17692 17721 17733 17760 17776 17780 17803 17824 
	}

	history = {
		
		owner = FRO

		add_core_of = FRO

		victory_points = { 17464 5 }

	}

}
