
state={
	id=8
	name="STATE_8"

	history={
		owner = HSY
		add_core_of = HSY
		victory_points = {
			16811 25 
		}

	}

	provinces={
		47 300 379 1450 2492 2993 3215 3657 3805 4076 4135 4266 4645 6035 6192 6230 6889 7302 7325 8026 8323 8433 16675 16741 16756 16779 16781 16799 16811 16823 16830 16847 16854 16866 16883 16884 16887 16893 16899 16916 16924 16925 16941 16942 16943 16948 16963 16966 16973 16984 16990 17007 17015 17030 17039 17065 17069 19246 19248 
	}
	manpower=2350000
	buildings_max_level_factor=1.000
	state_category=large_city
	local_supplies=0.000
}
