
state={
	id=818
	name="STATE_818"
	provinces={
		38 508 883 1123 1467 1602 2127 2171 2223 2294 2351 2384 2546 2722 3349 3430 3480 3561 3562 3758 4054 4124 4233 4565 4592 4605 4653 5033 5344 5693 5956 6193 6227 6457 6577 6744 6958 7155 7865 7882 8113 8178 8191 8198 8290 16471 16511 16526 16532 16538 16550 16551 16552 16553 16566 16571 16575 16580 16598 16599 16616 16626 16639 16646 16660 16672 16685 16686 16687 16688 16693 16694 16703 16709 16710 16711 16721 16722 16723 16724 16729 16751 16752 16755 16761 16767 16772 16773 16774 16780 16791 16795 16814 16818 16819 16828 16840 16841 16853 19228 19230 19232 26623 
	}

	history = {
		owner = AUR
		add_core_of = AUR

		buildings = {
			infrastructure = 1
		}
	}

	resources = {
		steel = 4
		tungsten = 2
		chromium = 1
	}

	manpower=10000 # 0 people
	buildings_max_level_factor=1.000
	local_supplies=0.000
	state_category = pastoral
}
