
state={
	id=98
	name="STATE_98"

	history={
		owner = TOR
		add_core_of = TOR
		victory_points = {
			6353 15 
		}
		victory_points = {
			15945 1 
		}
		victory_points = {
			568 3 
		}
		victory_points = {
			16225 1 
		}
		victory_points = {
			16388 3 
		}
		victory_points = {
			6368 1 
		}

	}

	provinces={
		462 568 621 654 702 842 902 1016 1075 1304 1329 1715 2035 2123 2399 2424 2835 2995 3278 3515 3606 3981 5183 5238 5295 5645 5803 5874 6049 6051 6353 6368 6379 6527 6853 6856 6957 6976 7039 7360 7481 7949 8048 8270 8314 8374 8544 8549 15779 15846 15895 15918 15941 15944 15945 15952 15958 15973 15977 15980 15981 15983 15993 15995 15996 16004 16026 16033 16039 16040 16043 16070 16193 16204 16225 16291 16344 16371 16388 16415 16470 16488 16514 16520 16569 16613 16680 19177 19223 
	}
	manpower=2300000
	buildings_max_level_factor=1.000
	state_category=large_city
	local_supplies=0.000
}
